0.9983050847457627
0.9983050847457627
0.9988700564971752
0.9983050847457627
0.9971751412429378
0.9971751412429378
0.9994350282485875
1.0
0.9988700564971752
1.0
0.9988700564971752
0.9988700564971752
0.9983050847457627
0.9994350282485875
1.0
0.9988700564971752
1.0
1.0
0.9994350282485875
0.9994350282485875
0.9977401129943503
0.9983050847457627
0.9994350282485875
0.9988700564971752
0.9994350282485875
0.9994350282485875
0.9988700564971752
1.0
0.9983050847457627
0.9988700564971752
0.9994350282485875
0.9994350282485875
1.0
0.9994350282485875
0.9994350282485875
1.0
0.9994350282485875
0.9983050847457627
1.0
0.9994350282485875
1.0
0.9988700564971752
0.9988700564971752
0.9994350282485875
0.9994350282485875
0.9983050847457627
0.9988700564971752
1.0
1.0
0.9971751412429378
0.9977401129943503
0.9994350282485875
0.9988700564971752
0.9988700564971752
0.9988700564971752
0.9994350282485875
1.0
0.9983050847457627
0.9977401129943503
0.9983050847457627
0.9971751412429378
0.9988700564971752
0.9983050847457627
0.9983050847457627
0.9977401129943503
0.9983050847457627
0.9983050847457627
0.9988700564971752
1.0
0.9971751412429378
0.9971751412429378
0.9988700564971752
0.9988700564971752
0.9983050847457627
0.9988700564971752
0.9994350282485875
0.9983050847457627
0.9983050847457627
0.9994350282485875
0.9988700564971752
0.9988700564971752
0.9994350282485875
0.9994350282485875
0.9994350282485875
1.0
0.9977401129943503
0.9983050847457627
0.9983050847457627
0.9988700564971752
0.9988700564971752
0.9988700564971752
0.9971751412429378
0.9983050847457627
0.9994350282485875
0.9977401129943503
0.9977401129943503
0.9994350282485875
0.9988700564971752
0.9994350282485875
0.9971751412429378
0.9988700564971752
0.9988700564971752
0.9988700564971752
0.9983050847457627
0.9983050847457627
0.9994350282485875
0.9983050847457627
0.9994350282485875
0.9988700564971752
0.9977401129943503
0.9994350282485875
0.9988700564971752
0.9994350282485875
0.9994350282485875
0.9971751412429378
0.9988700564971752
0.9988700564971752
0.9983050847457627
0.9994350282485875
0.9988700564971752
0.9983050847457627
0.9994350282485875
1.0
0.9983050847457627
0.9983050847457627
0.9977401129943503
0.9983050847457627
0.9977401129943503
0.9994350282485875
0.9994350282485875
0.9988700564971752
0.9988700564971752
0.9988700564971752
0.9994350282485875
0.9983050847457627
