5.0000 2.8087
5.0000 5.0000
5.0000 5.0000
5.0000 5.0000
5.0000 5.0000
5.0000 5.0000
5.0000 3.1746
5.0000 5.0000
5.0000 2.7210
5.0000 5.0000
5.0000 4.1579
5.0000 4.9796
5.0000 5.0000
5.0000 5.0000
5.0000 5.0000
5.0000 5.0000
5.0000 5.0000
5.0000 1.8294
5.0000 5.0000
5.0000 5.0000
5.0000 3.1770
5.0000 5.0000
5.0000 2.1364
5.0000 5.0000
5.0000 3.7882
5.0000 3.0217
5.0000 5.0000
5.0000 5.0000
5.0000 5.0000
5.0000 5.0000
5.0000 4.4975
5.0000 5.0000
5.0000 5.0000
5.0000 5.0000
5.0000 5.0000
5.0000 2.6203
5.0000 5.0000
5.0000 5.0000
5.0000 3.7984
5.0000 3.2132
5.0000 5.0000
5.0000 5.0000
5.0000 1.4589
5.0000 5.0000
5.0000 5.0000
5.0000 5.0000
5.0000 5.0000
5.0000 5.0000
5.0000 5.0000
5.0000 2.4745
5.0000 5.0000
5.0000 5.0000
5.0000 5.0000
5.0000 5.0000
5.0000 0.8922
5.0000 5.0000
5.0000 5.0000
5.0000 5.0000
5.0000 5.0000
5.0000 5.0000
5.0000 5.0000
5.0000 5.0000
5.0000 5.0000
5.0000 3.2164
3.5000 5.0000
5.0000 5.0000
5.0000 5.0000
5.0000 5.0000
5.0000 2.8814
5.0000 5.0000
5.0000 5.0000
5.0000 1.0430
5.0000 4.5005
5.0000 4.4724
5.0000 5.0000
5.0000 5.0000
0.5000 0.2037
5.0000 5.0000
5.0000 5.0000
5.0000 5.0000
5.0000 5.0000
5.0000 5.0000
5.0000 5.0000
1.4000 0.8801
5.0000 5.0000
5.0000 5.0000
5.0000 1.7614
5.0000 5.0000
0.3000 0.1108
5.0000 5.0000
5.0000 0.8956
5.0000 3.5911
5.0000 5.0000
5.0000 5.0000
5.0000 5.0000
5.0000 4.2698
5.0000 5.0000
5.0000 5.0000
5.0000 5.0000
5.0000 5.0000
5.0000 5.0000
5.0000 5.0000
5.0000 3.6520
5.0000 5.0000
5.0000 2.9564
5.0000 5.0000
5.0000 5.0000
5.0000 1.5164
5.0000 5.0000
5.0000 5.0000
5.0000 5.0000
0.0000 0.0000
5.0000 5.0000
5.0000 5.0000
5.0000 5.0000
5.0000 5.0000
5.0000 5.0000
5.0000 5.0000
5.0000 5.0000
5.0000 5.0000
5.0000 5.0000
5.0000 5.0000
5.0000 5.0000
5.0000 3.1805
5.0000 5.0000
0.5000 0.2071
5.0000 5.0000
5.0000 5.0000
5.0000 5.0000
0.2000 0.0127
5.0000 5.0000
5.0000 5.0000
5.0000 5.0000
5.0000 5.0000
0.4000 0.1979
4.3000 5.0000
5.0000 5.0000
5.0000 5.0000
5.0000 5.0000
5.0000 5.0000
5.0000 5.0000
5.0000 5.0000
5.0000 3.0317
5.0000 5.0000
5.0000 5.0000
5.0000 5.0000
5.0000 5.0000
5.0000 5.0000
5.0000 1.9365
5.0000 0.8030
5.0000 3.1902
5.0000 5.0000
5.0000 5.0000
5.0000 5.0000
5.0000 5.0000
5.0000 5.0000
5.0000 5.0000
5.0000 5.0000
5.0000 5.0000
5.0000 1.2365
5.0000 3.4054
5.0000 5.0000
5.0000 5.0000
5.0000 5.0000
5.0000 4.8658
5.0000 1.3767
5.0000 5.0000
5.0000 5.0000
5.0000 5.0000
5.0000 5.0000
5.0000 4.4312
5.0000 0.6408
5.0000 5.0000
5.0000 5.0000
5.0000 5.0000
5.0000 3.4699
5.0000 5.0000
5.0000 5.0000
5.0000 5.0000
5.0000 5.0000
5.0000 0.7417
5.0000 5.0000
5.0000 5.0000
5.0000 5.0000
5.0000 5.0000
5.0000 5.0000
5.0000 5.0000
5.0000 5.0000
5.0000 5.0000
5.0000 5.0000
5.0000 5.0000
5.0000 5.0000
5.0000 4.1041
5.0000 0.8039
5.0000 5.0000
5.0000 1.7187
5.0000 5.0000
5.0000 5.0000
0.8000 0.4378
5.0000 5.0000
5.0000 5.0000
5.0000 5.0000
5.0000 5.0000
5.0000 0.3255
5.0000 4.7937
5.0000 5.0000
5.0000 5.0000
5.0000 5.0000
5.0000 5.0000
5.0000 5.0000
5.0000 5.0000
5.0000 5.0000
5.0000 1.4576
5.0000 5.0000
5.0000 3.8765
5.0000 5.0000
5.0000 5.0000
5.0000 3.5718
5.0000 5.0000
5.0000 5.0000
5.0000 5.0000
5.0000 5.0000
5.0000 5.0000
5.0000 3.3362
5.0000 4.7740
5.0000 5.0000
5.0000 5.0000
5.0000 2.5955
5.0000 5.0000
5.0000 3.3155
5.0000 0.5854
5.0000 5.0000
5.0000 5.0000
5.0000 4.4821
5.0000 2.6322
5.0000 2.3276
5.0000 5.0000
5.0000 5.0000
1.8000 1.3970
1.7000 0.9946
1.6000 0.9143
5.0000 5.0000
5.0000 5.0000
5.0000 5.0000
5.0000 1.2518
5.0000 5.0000
5.0000 5.0000
5.0000 5.0000
5.0000 5.0000
5.0000 5.0000
5.0000 5.0000
5.0000 5.0000
5.0000 5.0000
5.0000 4.6293
5.0000 3.7105
5.0000 4.3156
5.0000 3.9376
5.0000 5.0000
5.0000 5.0000
5.0000 5.0000
5.0000 5.0000
5.0000 4.5275
5.0000 5.0000
5.0000 5.0000
5.0000 5.0000
5.0000 5.0000
5.0000 5.0000
5.0000 5.0000
5.0000 5.0000
5.0000 3.7313
5.0000 5.0000
5.0000 5.0000
5.0000 4.7973
1.9000 0.7711
5.0000 5.0000
5.0000 5.0000
5.0000 5.0000
5.0000 5.0000
5.0000 5.0000
5.0000 5.0000
5.0000 3.1394
5.0000 4.9539
5.0000 5.0000
5.0000 5.0000
5.0000 1.7286
5.0000 4.8167
5.0000 5.0000
5.0000 5.0000
5.0000 4.5313
5.0000 2.6574
5.0000 3.9775
5.0000 5.0000
5.0000 5.0000
5.0000 5.0000
5.0000 1.3392
5.0000 0.7830
5.0000 5.0000
5.0000 5.0000
5.0000 5.0000
5.0000 5.0000
5.0000 5.0000
5.0000 5.0000
5.0000 1.7030
5.0000 1.9230
5.0000 5.0000
5.0000 5.0000
5.0000 1.7648
5.0000 5.0000
5.0000 5.0000
5.0000 5.0000
5.0000 5.0000
5.0000 5.0000
5.0000 5.0000
5.0000 5.0000
5.0000 5.0000
5.0000 5.0000
5.0000 1.3280
5.0000 0.7087
5.0000 0.5100
5.0000 5.0000
5.0000 5.0000
5.0000 5.0000
5.0000 5.0000
5.0000 5.0000
5.0000 5.0000
0.4000 0.2329
5.0000 4.7568
5.0000 5.0000
5.0000 5.0000
5.0000 5.0000
5.0000 5.0000
5.0000 2.3349
5.0000 2.0559
5.0000 5.0000
5.0000 2.2724
5.0000 0.5308
5.0000 5.0000
2.1000 1.0284
5.0000 5.0000
5.0000 5.0000
5.0000 5.0000
5.0000 5.0000
5.0000 5.0000
5.0000 5.0000
5.0000 2.9017
5.0000 1.6591
5.0000 3.1702
5.0000 1.8446
5.0000 5.0000
5.0000 5.0000
5.0000 3.4827
5.0000 4.9109
5.0000 5.0000
5.0000 4.0967
5.0000 5.0000
5.0000 4.3885
5.0000 5.0000
5.0000 5.0000
5.0000 5.0000
5.0000 5.0000
5.0000 2.8676
5.0000 5.0000
5.0000 2.3933
5.0000 3.0655
5.0000 5.0000
5.0000 1.1357
5.0000 5.0000
5.0000 5.0000
5.0000 5.0000
5.0000 5.0000
5.0000 5.0000
5.0000 4.6914
5.0000 5.0000
5.0000 5.0000
5.0000 5.0000
5.0000 2.1285
5.0000 5.0000
5.0000 2.0202
5.0000 5.0000
5.0000 5.0000
5.0000 5.0000
5.0000 5.0000
5.0000 5.0000
5.0000 5.0000
5.0000 1.6288
5.0000 5.0000
5.0000 1.2213
5.0000 5.0000
5.0000 5.0000
5.0000 4.8819
5.0000 5.0000
5.0000 5.0000
1.2000 0.7112
5.0000 5.0000
5.0000 5.0000
5.0000 5.0000
5.0000 5.0000
5.0000 2.4103
5.0000 5.0000
5.0000 2.3624
5.0000 4.7405
5.0000 5.0000
5.0000 5.0000
5.0000 5.0000
5.0000 5.0000
5.0000 5.0000
5.0000 5.0000
5.0000 5.0000
2.1000 1.0733
5.0000 5.0000
5.0000 5.0000
5.0000 5.0000
5.0000 5.0000
5.0000 5.0000
1.0000 0.6033
5.0000 5.0000
5.0000 4.7557
5.0000 3.9273
5.0000 2.6152
5.0000 5.0000
5.0000 5.0000
5.0000 5.0000
0.9000 0.3786
5.0000 5.0000
5.0000 5.0000
5.0000 4.3380
5.0000 5.0000
5.0000 5.0000
5.0000 2.3055
5.0000 5.0000
5.0000 5.0000
5.0000 5.0000
5.0000 5.0000
5.0000 5.0000
5.0000 5.0000
5.0000 5.0000
5.0000 5.0000
0.7000 0.3312
5.0000 5.0000
5.0000 5.0000
5.0000 5.0000
5.0000 5.0000
5.0000 5.0000
5.0000 5.0000
5.0000 5.0000
5.0000 5.0000
5.0000 5.0000
5.0000 2.2472
5.0000 5.0000
5.0000 5.0000
5.0000 5.0000
5.0000 2.2340
5.0000 5.0000
5.0000 5.0000
5.0000 5.0000
0.4000 0.2235
5.0000 5.0000
5.0000 5.0000
5.0000 5.0000
5.0000 5.0000
5.0000 5.0000
5.0000 2.8040
5.0000 5.0000
5.0000 2.7596
5.0000 5.0000
5.0000 4.8303
5.0000 4.8977
5.0000 5.0000
5.0000 5.0000
5.0000 2.1485
5.0000 5.0000
5.0000 5.0000
5.0000 5.0000
5.0000 5.0000
1.4000 0.8285
5.0000 1.6681
5.0000 5.0000
5.0000 5.0000
5.0000 5.0000
1.8000 1.1889
5.0000 5.0000
5.0000 5.0000
5.0000 2.0383
5.0000 5.0000
5.0000 5.0000
5.0000 5.0000
5.0000 5.0000
5.0000 3.2236
5.0000 5.0000
5.0000 5.0000
5.0000 5.0000
5.0000 5.0000
5.0000 5.0000
0.9000 0.4646
5.0000 5.0000
5.0000 4.3564
5.0000 5.0000
5.0000 5.0000
5.0000 5.0000
5.0000 5.0000
5.0000 5.0000
5.0000 5.0000
5.0000 2.7809
5.0000 5.0000
5.0000 5.0000
5.0000 5.0000
5.0000 5.0000
5.0000 5.0000
5.0000 5.0000
5.0000 3.2284
5.0000 5.0000
5.0000 5.0000
5.0000 5.0000
5.0000 5.0000
5.0000 5.0000
5.0000 5.0000
5.0000 3.9053
5.0000 5.0000
5.0000 5.0000
5.0000 5.0000
5.0000 5.0000
5.0000 5.0000
5.0000 5.0000
5.0000 5.0000
5.0000 5.0000
5.0000 5.0000
5.0000 5.0000
5.0000 5.0000
5.0000 4.9317
5.0000 5.0000
5.0000 5.0000
5.0000 4.7542
5.0000 3.9953
5.0000 5.0000
5.0000 5.0000
5.0000 4.8524
5.0000 5.0000
5.0000 5.0000
5.0000 2.9309
5.0000 5.0000
5.0000 5.0000
5.0000 5.0000
5.0000 3.2197
5.0000 5.0000
5.0000 5.0000
5.0000 3.8572
5.0000 4.8448
5.0000 5.0000
5.0000 5.0000
5.0000 2.4884
5.0000 1.5664
5.0000 3.6292
5.0000 5.0000
5.0000 5.0000
2.2000 1.2392
5.0000 1.9948
5.0000 5.0000
5.0000 4.3194
5.0000 5.0000
5.0000 0.7300
5.0000 5.0000
5.0000 5.0000
5.0000 5.0000
5.0000 5.0000
5.0000 3.7643
5.0000 5.0000
5.0000 5.0000
5.0000 5.0000
0.3000 0.0890
5.0000 4.9276
5.0000 5.0000
5.0000 5.0000
5.0000 5.0000
5.0000 5.0000
5.0000 4.6097
5.0000 5.0000
5.0000 1.3835
5.0000 5.0000
0.7000 0.2774
5.0000 4.7094
5.0000 5.0000
5.0000 5.0000
5.0000 5.0000
5.0000 5.0000
5.0000 5.0000
5.0000 5.0000
0.4000 0.1684
5.0000 4.4633
5.0000 5.0000
5.0000 1.5935
5.0000 0.6594
5.0000 4.6191
5.0000 5.0000
5.0000 5.0000
5.0000 5.0000
5.0000 5.0000
5.0000 5.0000
5.0000 5.0000
5.0000 5.0000
5.0000 5.0000
5.0000 5.0000
5.0000 5.0000
5.0000 5.0000
5.0000 5.0000
5.0000 5.0000
5.0000 3.8872
5.0000 1.9233
5.0000 5.0000
5.0000 2.3737
5.0000 5.0000
5.0000 5.0000
5.0000 5.0000
5.0000 5.0000
5.0000 5.0000
5.0000 4.6821
5.0000 2.4065
5.0000 5.0000
5.0000 5.0000
5.0000 5.0000
5.0000 5.0000
5.0000 5.0000
1.5000 0.7330
5.0000 5.0000
5.0000 5.0000
5.0000 5.0000
5.0000 5.0000
5.0000 5.0000
5.0000 4.4202
5.0000 5.0000
5.0000 5.0000
5.0000 5.0000
5.0000 5.0000
5.0000 5.0000
5.0000 5.0000
5.0000 5.0000
5.0000 5.0000
5.0000 5.0000
0.6000 0.2864
5.0000 5.0000
5.0000 5.0000
5.0000 5.0000
5.0000 5.0000
5.0000 5.0000
5.0000 2.1116
5.0000 5.0000
5.0000 4.3953
5.0000 5.0000
0.5000 0.2012
5.0000 5.0000
5.0000 5.0000
5.0000 1.8488
5.0000 5.0000
5.0000 5.0000
5.0000 1.3427
5.0000 5.0000
5.0000 5.0000
2.0000 1.1184
5.0000 5.0000
5.0000 5.0000
5.0000 4.5904
5.0000 5.0000
5.0000 5.0000
5.0000 5.0000
5.0000 5.0000
5.0000 1.6757
5.0000 5.0000
5.0000 5.0000
0.3000 0.0522
5.0000 3.8948
5.0000 2.0243
1.4000 0.8558
5.0000 5.0000
5.0000 5.0000
5.0000 5.0000
5.0000 5.0000
5.0000 5.0000
0.4000 0.1734
5.0000 5.0000
0.2000 0.0254
5.0000 5.0000
5.0000 2.3267
5.0000 1.6740
5.0000 5.0000
5.0000 2.3759
5.0000 5.0000
5.0000 5.0000
5.0000 5.0000
5.0000 5.0000
5.0000 3.8034
5.0000 5.0000
5.0000 5.0000
5.0000 5.0000
5.0000 5.0000
5.0000 5.0000
5.0000 5.0000
5.0000 5.0000
5.0000 3.9927
5.0000 5.0000
5.0000 5.0000
5.0000 5.0000
5.0000 5.0000
5.0000 3.7667
5.0000 5.0000
5.0000 4.7313
5.0000 5.0000
5.0000 5.0000
5.0000 5.0000
5.0000 2.7359
5.0000 5.0000
5.0000 5.0000
5.0000 5.0000
5.0000 4.7040
5.0000 3.5472
5.0000 5.0000
5.0000 5.0000
5.0000 5.0000
5.0000 1.4845
1.1000 0.6393
5.0000 2.5913
5.0000 1.8524
5.0000 5.0000
5.0000 4.6707
5.0000 5.0000
5.0000 5.0000
5.0000 2.3665
5.0000 5.0000
5.0000 5.0000
5.0000 5.0000
5.0000 5.0000
5.0000 5.0000
5.0000 5.0000
5.0000 5.0000
5.0000 5.0000
5.0000 5.0000
5.0000 5.0000
5.0000 4.2843
5.0000 5.0000
5.0000 5.0000
5.0000 5.0000
5.0000 5.0000
5.0000 5.0000
5.0000 5.0000
5.0000 2.6491
0.9000 0.6811
5.0000 5.0000
5.0000 5.0000
5.0000 1.1366
5.0000 5.0000
5.0000 5.0000
1.3000 0.8476
5.0000 4.7815
5.0000 5.0000
5.0000 5.0000
5.0000 0.4636
5.0000 5.0000
5.0000 5.0000
5.0000 4.1928
5.0000 2.2223
5.0000 5.0000
5.0000 0.9078
5.0000 5.0000
5.0000 5.0000
5.0000 5.0000
5.0000 5.0000
5.0000 5.0000
5.0000 5.0000
5.0000 5.0000
2.1000 0.9041
5.0000 3.8794
5.0000 3.2178
0.7000 0.3936
5.0000 5.0000
5.0000 5.0000
5.0000 5.0000
0.6000 0.2866
5.0000 5.0000
5.0000 5.0000
5.0000 5.0000
5.0000 5.0000
5.0000 2.7964
5.0000 5.0000
5.0000 5.0000
5.0000 5.0000
5.0000 5.0000
5.0000 5.0000
5.0000 2.0352
5.0000 5.0000
5.0000 5.0000
5.0000 5.0000
5.0000 2.6509
5.0000 5.0000
5.0000 5.0000
5.0000 5.0000
5.0000 5.0000
2.0000 1.3143
5.0000 5.0000
5.0000 3.3992
5.0000 5.0000
0.6000 0.2757
5.0000 5.0000
5.0000 5.0000
5.0000 5.0000
5.0000 5.0000
5.0000 5.0000
5.0000 5.0000
5.0000 2.8015
5.0000 5.0000
5.0000 5.0000
5.0000 5.0000
1.2000 5.0000
5.0000 5.0000
5.0000 5.0000
5.0000 5.0000
5.0000 5.0000
5.0000 1.5381
5.0000 5.0000
5.0000 3.3165
5.0000 3.0229
5.0000 5.0000
5.0000 5.0000
5.0000 5.0000
5.0000 5.0000
5.0000 5.0000
5.0000 5.0000
5.0000 5.0000
5.0000 5.0000
5.0000 5.0000
5.0000 5.0000
5.0000 5.0000
5.0000 1.3511
5.0000 3.8779
5.0000 1.7426
5.0000 5.0000
5.0000 5.0000
5.0000 5.0000
5.0000 5.0000
5.0000 3.8358
5.0000 5.0000
5.0000 5.0000
5.0000 5.0000
5.0000 2.3722
5.0000 5.0000
5.0000 5.0000
5.0000 5.0000
5.0000 5.0000
5.0000 5.0000
5.0000 5.0000
5.0000 5.0000
5.0000 5.0000
5.0000 0.7397
5.0000 5.0000
5.0000 5.0000
5.0000 5.0000
1.5000 0.8648
0.9000 0.5550
5.0000 5.0000
5.0000 5.0000
5.0000 5.0000
5.0000 5.0000
5.0000 5.0000
5.0000 5.0000
5.0000 4.4164
5.0000 5.0000
5.0000 5.0000
5.0000 5.0000
5.0000 5.0000
5.0000 5.0000
5.0000 1.7993
5.0000 5.0000
5.0000 3.8940
5.0000 2.1601
5.0000 5.0000
5.0000 5.0000
5.0000 5.0000
5.0000 5.0000
5.0000 5.0000
1.5000 0.7500
5.0000 5.0000
5.0000 1.6570
5.0000 5.0000
5.0000 4.2142
5.0000 5.0000
5.0000 5.0000
5.0000 1.9267
5.0000 5.0000
5.0000 4.7551
5.0000 1.6107
5.0000 3.3618
5.0000 4.2675
5.0000 5.0000
3.1000 1.7001
5.0000 5.0000
5.0000 5.0000
5.0000 4.1806
5.0000 5.0000
5.0000 5.0000
5.0000 5.0000
5.0000 2.6227
5.0000 5.0000
5.0000 5.0000
5.0000 5.0000
5.0000 5.0000
5.0000 1.5039
5.0000 5.0000
5.0000 5.0000
5.0000 5.0000
5.0000 4.0494
5.0000 5.0000
1.7000 0.9467
5.0000 2.0406
5.0000 3.4602
5.0000 5.0000
5.0000 1.0414
5.0000 3.5626
5.0000 5.0000
5.0000 5.0000
5.0000 5.0000
1.5000 1.3207
5.0000 5.0000
5.0000 5.0000
5.0000 5.0000
5.0000 5.0000
5.0000 5.0000
5.0000 5.0000
5.0000 5.0000
5.0000 5.0000
5.0000 5.0000
5.0000 5.0000
5.0000 3.8821
5.0000 5.0000
5.0000 2.4334
5.0000 5.0000
5.0000 3.5232
5.0000 5.0000
5.0000 5.0000
5.0000 5.0000
5.0000 5.0000
5.0000 5.0000
5.0000 5.0000
5.0000 5.0000
5.0000 5.0000
5.0000 5.0000
5.0000 5.0000
5.0000 1.1528
5.0000 5.0000
5.0000 5.0000
5.0000 4.3303
5.0000 5.0000
5.0000 5.0000
5.0000 5.0000
5.0000 5.0000
5.0000 2.8963
5.0000 4.2664
2.0000 1.1115
5.0000 5.0000
1.0000 0.7005
5.0000 3.4175
5.0000 5.0000
5.0000 3.9792
5.0000 5.0000
1.0000 0.5726
5.0000 5.0000
5.0000 5.0000
5.0000 4.5907
1.5000 0.8632
5.0000 3.0369
5.0000 5.0000
5.0000 5.0000
5.0000 3.0509
5.0000 5.0000
5.0000 5.0000
5.0000 5.0000
5.0000 5.0000
5.0000 5.0000
5.0000 5.0000
5.0000 5.0000
5.0000 5.0000
5.0000 3.3458
5.0000 5.0000
5.0000 4.6995
5.0000 5.0000
5.0000 5.0000
5.0000 5.0000
5.0000 0.6485
5.0000 5.0000
5.0000 5.0000
5.0000 5.0000
5.0000 5.0000
5.0000 5.0000
5.0000 5.0000
5.0000 5.0000
5.0000 5.0000
5.0000 5.0000
5.0000 5.0000
5.0000 5.0000
5.0000 5.0000
5.0000 5.0000
5.0000 5.0000
5.0000 5.0000
5.0000 4.0751
5.0000 5.0000
5.0000 5.0000
5.0000 5.0000
5.0000 5.0000
5.0000 5.0000
5.0000 5.0000
5.0000 5.0000
5.0000 2.5403
5.0000 0.9810
0.5000 0.1513
5.0000 5.0000
5.0000 3.6273
5.0000 5.0000
5.0000 5.0000
5.0000 4.0347
5.0000 5.0000
5.0000 4.5444
5.0000 5.0000
5.0000 5.0000
5.0000 3.6459
5.0000 5.0000
5.0000 4.8756
5.0000 5.0000
5.0000 1.3217
5.0000 5.0000
5.0000 5.0000
5.0000 4.7602
5.0000 5.0000
5.0000 5.0000
5.0000 5.0000
5.0000 5.0000
5.0000 5.0000
5.0000 5.0000
5.0000 4.0920
5.0000 5.0000
5.0000 5.0000
5.0000 5.0000
5.0000 5.0000
5.0000 5.0000
5.0000 5.0000
5.0000 3.1789
5.0000 2.8755
5.0000 1.6650
5.0000 1.6175
5.0000 5.0000
5.0000 3.5722
5.0000 5.0000
5.0000 5.0000
5.0000 5.0000
5.0000 5.0000
5.0000 2.1243
5.0000 5.0000
5.0000 5.0000
5.0000 5.0000
5.0000 5.0000
5.0000 5.0000
5.0000 5.0000
5.0000 5.0000
5.0000 5.0000
5.0000 2.3501
5.0000 5.0000
1.4000 5.0000
5.0000 5.0000
5.0000 2.6019
5.0000 5.0000
5.0000 5.0000
1.2000 0.7383
5.0000 5.0000
5.0000 5.0000
5.0000 5.0000
5.0000 3.1322
5.0000 5.0000
5.0000 5.0000
5.0000 5.0000
5.0000 5.0000
5.0000 2.3582
5.0000 5.0000
5.0000 5.0000
5.0000 5.0000
5.0000 5.0000
5.0000 5.0000
5.0000 5.0000
5.0000 1.2104
5.0000 5.0000
5.0000 3.0685
5.0000 5.0000
1.3000 0.6757
5.0000 5.0000
5.0000 5.0000
5.0000 5.0000
5.0000 5.0000
5.0000 1.7378
5.0000 5.0000
5.0000 5.0000
5.0000 5.0000
5.0000 3.7638
5.0000 5.0000
5.0000 5.0000
5.0000 5.0000
5.0000 5.0000
5.0000 5.0000
5.0000 5.0000
5.0000 3.6977
5.0000 5.0000
5.0000 3.3740
5.0000 5.0000
5.0000 5.0000
5.0000 5.0000
5.0000 5.0000
5.0000 5.0000
5.0000 5.0000
5.0000 5.0000
5.0000 5.0000
0.6000 0.3513
1.5000 0.8343
5.0000 5.0000
5.0000 4.4632
5.0000 1.9088
5.0000 5.0000
5.0000 4.3084
5.0000 5.0000
5.0000 5.0000
5.0000 5.0000
5.0000 4.8824
1.2000 0.5600
5.0000 5.0000
5.0000 5.0000
5.0000 5.0000
5.0000 5.0000
5.0000 5.0000
5.0000 5.0000
5.0000 5.0000
5.0000 5.0000
5.0000 5.0000
5.0000 5.0000
5.0000 5.0000
5.0000 2.7345
5.0000 5.0000
5.0000 5.0000
5.0000 5.0000
5.0000 5.0000
5.0000 5.0000
5.0000 5.0000
5.0000 1.2296
5.0000 3.4350
5.0000 5.0000
5.0000 5.0000
5.0000 1.4796
5.0000 1.6336
5.0000 5.0000
5.0000 5.0000
5.0000 5.0000
5.0000 4.0109
5.0000 1.6976
5.0000 5.0000
5.0000 5.0000
5.0000 5.0000
5.0000 5.0000
5.0000 5.0000
5.0000 3.6356
5.0000 5.0000
5.0000 5.0000
5.0000 5.0000
5.0000 5.0000
5.0000 1.6545
5.0000 5.0000
5.0000 5.0000
5.0000 5.0000
5.0000 5.0000
0.2000 0.0000
5.0000 5.0000
5.0000 5.0000
5.0000 5.0000
5.0000 5.0000
5.0000 5.0000
5.0000 5.0000
5.0000 5.0000
5.0000 0.9642
5.0000 3.2025
5.0000 5.0000
5.0000 0.2705
5.0000 5.0000
5.0000 5.0000
5.0000 3.8369
5.0000 5.0000
5.0000 5.0000
5.0000 5.0000
5.0000 5.0000
5.0000 5.0000
5.0000 5.0000
5.0000 0.7509
5.0000 0.7708
5.0000 5.0000
5.0000 5.0000
5.0000 5.0000
5.0000 2.7597
5.0000 5.0000
5.0000 4.8309
5.0000 4.4061
5.0000 5.0000
5.0000 5.0000
5.0000 5.0000
5.0000 5.0000
5.0000 3.5275
5.0000 5.0000
5.0000 2.3754
5.0000 4.5970
5.0000 5.0000
5.0000 5.0000
5.0000 5.0000
5.0000 2.1718
5.0000 5.0000
5.0000 2.4463
5.0000 1.9423
5.0000 5.0000
5.0000 5.0000
5.0000 5.0000
5.0000 5.0000
5.0000 5.0000
0.3000 0.0918
5.0000 4.1460
5.0000 2.5290
5.0000 5.0000
5.0000 5.0000
5.0000 2.0927
5.0000 5.0000
5.0000 5.0000
5.0000 5.0000
5.0000 5.0000
5.0000 3.3777
5.0000 5.0000
5.0000 5.0000
2.5000 1.4972
5.0000 5.0000
5.0000 5.0000
5.0000 4.0374
5.0000 5.0000
5.0000 5.0000
5.0000 5.0000
5.0000 5.0000
5.0000 1.4829
0.8000 0.4103
5.0000 5.0000
5.0000 5.0000
5.0000 5.0000
5.0000 5.0000
5.0000 2.1556
5.0000 5.0000
5.0000 5.0000
5.0000 5.0000
5.0000 5.0000
0.4000 0.1547
5.0000 5.0000
0.4000 0.2188
5.0000 3.1740
5.0000 5.0000
5.0000 4.3141
5.0000 4.6575
1.0000 0.5806
5.0000 5.0000
0.2000 0.0444
5.0000 2.3360
5.0000 2.9995
5.0000 3.5577
5.0000 5.0000
5.0000 2.1750
5.0000 5.0000
5.0000 5.0000
5.0000 5.0000
5.0000 5.0000
0.2000 0.0000
5.0000 1.9731
5.0000 5.0000
0.4000 0.1999
5.0000 4.2314
5.0000 5.0000
5.0000 5.0000
5.0000 5.0000
5.0000 5.0000
5.0000 5.0000
5.0000 5.0000
5.0000 5.0000
5.0000 5.0000
5.0000 5.0000
5.0000 2.6857
5.0000 5.0000
5.0000 2.4764
0.7000 0.3969
5.0000 5.0000
5.0000 5.0000
5.0000 4.6821
5.0000 4.4432
5.0000 5.0000
5.0000 1.3498
5.0000 4.4881
5.0000 5.0000
5.0000 4.9661
5.0000 1.7853
5.0000 5.0000
5.0000 5.0000
5.0000 1.1082
5.0000 5.0000
5.0000 5.0000
5.0000 5.0000
5.0000 5.0000
5.0000 5.0000
5.0000 5.0000
5.0000 5.0000
5.0000 5.0000
5.0000 3.4225
5.0000 5.0000
5.0000 5.0000
5.0000 5.0000
5.0000 0.7620
5.0000 3.4607
5.0000 5.0000
5.0000 4.5258
5.0000 3.9559
5.0000 5.0000
2.4000 3.3462
5.0000 5.0000
5.0000 5.0000
5.0000 5.0000
5.0000 5.0000
5.0000 5.0000
5.0000 5.0000
5.0000 3.0460
5.0000 1.3311
2.2000 0.9221
5.0000 1.7660
5.0000 2.7106
5.0000 5.0000
5.0000 5.0000
5.0000 5.0000
5.0000 3.2498
1.3000 0.7251
5.0000 5.0000
5.0000 4.1191
5.0000 2.7974
5.0000 5.0000
1.5000 0.7908
5.0000 5.0000
5.0000 5.0000
5.0000 5.0000
5.0000 5.0000
5.0000 5.0000
1.5000 1.0724
5.0000 5.0000
5.0000 4.1441
5.0000 3.9225
5.0000 5.0000
5.0000 0.9074
5.0000 2.0669
5.0000 5.0000
5.0000 2.5029
5.0000 5.0000
5.0000 1.3131
0.6000 0.2638
5.0000 5.0000
5.0000 5.0000
5.0000 3.6855
5.0000 5.0000
5.0000 5.0000
5.0000 5.0000
5.0000 5.0000
5.0000 5.0000
5.0000 5.0000
5.0000 2.6500
5.0000 5.0000
0.9000 0.5758
5.0000 5.0000
5.0000 5.0000
5.0000 2.3343
5.0000 5.0000
5.0000 1.7598
5.0000 5.0000
5.0000 5.0000
5.0000 4.8867
5.0000 5.0000
5.0000 5.0000
5.0000 2.6289
5.0000 4.6278
5.0000 5.0000
0.6000 0.3208
5.0000 5.0000
5.0000 5.0000
5.0000 5.0000
5.0000 3.1848
5.0000 5.0000
5.0000 5.0000
5.0000 5.0000
5.0000 5.0000
5.0000 5.0000
5.0000 5.0000
5.0000 5.0000
5.0000 5.0000
5.0000 5.0000
5.0000 5.0000
5.0000 5.0000
5.0000 5.0000
5.0000 5.0000
5.0000 5.0000
5.0000 5.0000
5.0000 5.0000
5.0000 5.0000
5.0000 5.0000
5.0000 4.9870
5.0000 5.0000
5.0000 5.0000
5.0000 5.0000
5.0000 5.0000
5.0000 5.0000
5.0000 5.0000
5.0000 3.4793
5.0000 5.0000
5.0000 4.3779
5.0000 5.0000
5.0000 5.0000
5.0000 3.0309
5.0000 5.0000
5.0000 5.0000
5.0000 5.0000
5.0000 5.0000
5.0000 5.0000
5.0000 5.0000
5.0000 5.0000
5.0000 5.0000
5.0000 5.0000
5.0000 5.0000
5.0000 5.0000
5.0000 5.0000
5.0000 5.0000
5.0000 5.0000
5.0000 5.0000
5.0000 4.3458
5.0000 4.0252
5.0000 5.0000
5.0000 3.0568
5.0000 5.0000
5.0000 0.9991
5.0000 5.0000
5.0000 5.0000
5.0000 5.0000
5.0000 5.0000
5.0000 5.0000
5.0000 5.0000
5.0000 2.8506
5.0000 5.0000
5.0000 5.0000
5.0000 5.0000
5.0000 5.0000
5.0000 5.0000
5.0000 5.0000
5.0000 0.7378
5.0000 3.4852
5.0000 5.0000
0.3000 0.1098
5.0000 5.0000
5.0000 5.0000
5.0000 5.0000
1.1000 0.4751
1.0000 0.5848
5.0000 4.2918
5.0000 5.0000
5.0000 5.0000
5.0000 5.0000
5.0000 0.3866
5.0000 5.0000
1.0000 0.4487
5.0000 5.0000
5.0000 5.0000
5.0000 5.0000
5.0000 5.0000
5.0000 5.0000
5.0000 5.0000
5.0000 5.0000
5.0000 5.0000
5.0000 3.7011
5.0000 5.0000
5.0000 5.0000
5.0000 5.0000
5.0000 5.0000
5.0000 5.0000
5.0000 5.0000
5.0000 5.0000
5.0000 5.0000
5.0000 5.0000
5.0000 5.0000
5.0000 5.0000
5.0000 5.0000
5.0000 5.0000
5.0000 5.0000
5.0000 2.5643
5.0000 1.6373
5.0000 1.9688
5.0000 5.0000
5.0000 5.0000
5.0000 5.0000
5.0000 5.0000
5.0000 5.0000
5.0000 5.0000
5.0000 0.8519
5.0000 5.0000
5.0000 3.6364
5.0000 0.2911
5.0000 5.0000
5.0000 5.0000
5.0000 5.0000
5.0000 5.0000
5.0000 5.0000
5.0000 5.0000
5.0000 2.0292
5.0000 3.6676
5.0000 5.0000
5.0000 5.0000
5.0000 0.9883
5.0000 5.0000
5.0000 3.1614
5.0000 5.0000
5.0000 5.0000
5.0000 5.0000
5.0000 5.0000
5.0000 0.1985
5.0000 5.0000
5.0000 5.0000
5.0000 3.1058
0.7000 5.0000
5.0000 5.0000
5.0000 5.0000
0.8000 0.4774
5.0000 1.1466
5.0000 5.0000
5.0000 5.0000
5.0000 5.0000
5.0000 0.7378
5.0000 5.0000
5.0000 5.0000
5.0000 5.0000
5.0000 5.0000
5.0000 5.0000
5.0000 5.0000
5.0000 5.0000
5.0000 5.0000
5.0000 5.0000
5.0000 0.9225
5.0000 5.0000
5.0000 5.0000
5.0000 5.0000
5.0000 5.0000
5.0000 5.0000
5.0000 5.0000
5.0000 5.0000
5.0000 5.0000
5.0000 5.0000
5.0000 5.0000
5.0000 0.7702
5.0000 5.0000
5.0000 2.9289
5.0000 5.0000
5.0000 5.0000
5.0000 4.1261
5.0000 5.0000
5.0000 5.0000
5.0000 5.0000
5.0000 5.0000
5.0000 5.0000
5.0000 5.0000
5.0000 5.0000
5.0000 5.0000
1.0000 0.5914
5.0000 5.0000
5.0000 5.0000
0.5000 0.2105
5.0000 0.7362
5.0000 5.0000
1.1000 0.6638
5.0000 5.0000
5.0000 5.0000
5.0000 5.0000
5.0000 5.0000
5.0000 0.2188
5.0000 5.0000
5.0000 5.0000
5.0000 2.9849
5.0000 5.0000
5.0000 5.0000
5.0000 5.0000
5.0000 5.0000
5.0000 5.0000
5.0000 5.0000
5.0000 5.0000
5.0000 5.0000
5.0000 5.0000
5.0000 5.0000
5.0000 5.0000
5.0000 5.0000
5.0000 2.9985
5.0000 5.0000
5.0000 5.0000
5.0000 5.0000
5.0000 1.4904
5.0000 5.0000
5.0000 5.0000
5.0000 3.8674
5.0000 2.6603
5.0000 1.3754
5.0000 5.0000
5.0000 5.0000
0.6000 0.3364
5.0000 5.0000
5.0000 5.0000
1.1000 0.5526
5.0000 5.0000
5.0000 5.0000
5.0000 5.0000
5.0000 2.6318
5.0000 5.0000
5.0000 5.0000
5.0000 5.0000
5.0000 5.0000
5.0000 5.0000
5.0000 3.7188
5.0000 5.0000
5.0000 5.0000
5.0000 5.0000
5.0000 5.0000
5.0000 5.0000
5.0000 3.2018
5.0000 5.0000
5.0000 5.0000
5.0000 5.0000
5.0000 5.0000
5.0000 4.4479
5.0000 5.0000
5.0000 3.5501
5.0000 3.2830
5.0000 5.0000
5.0000 5.0000
5.0000 5.0000
5.0000 5.0000
5.0000 4.8988
5.0000 4.2895
5.0000 3.6661
5.0000 5.0000
5.0000 5.0000
5.0000 1.1836
5.0000 5.0000
5.0000 1.0294
5.0000 5.0000
5.0000 5.0000
5.0000 5.0000
5.0000 5.0000
5.0000 5.0000
5.0000 0.9080
5.0000 2.5191
5.0000 5.0000
5.0000 5.0000
5.0000 5.0000
5.0000 5.0000
5.0000 2.0795
5.0000 5.0000
5.0000 5.0000
5.0000 5.0000
5.0000 5.0000
5.0000 5.0000
5.0000 5.0000
5.0000 2.1217
5.0000 2.9177
5.0000 5.0000
5.0000 4.9752
5.0000 5.0000
5.0000 5.0000
5.0000 1.2875
5.0000 4.1396
5.0000 1.6519
5.0000 5.0000
5.0000 2.6899
5.0000 5.0000
5.0000 5.0000
0.5000 0.2716
5.0000 5.0000
5.0000 5.0000
5.0000 5.0000
5.0000 5.0000
5.0000 5.0000
5.0000 5.0000
5.0000 5.0000
5.0000 5.0000
5.0000 5.0000
5.0000 5.0000
5.0000 0.6170
5.0000 5.0000
5.0000 5.0000
5.0000 5.0000
5.0000 5.0000
5.0000 5.0000
5.0000 5.0000
5.0000 5.0000
5.0000 5.0000
5.0000 5.0000
5.0000 3.4636
5.0000 5.0000
5.0000 5.0000
5.0000 5.0000
5.0000 5.0000
5.0000 5.0000
5.0000 5.0000
5.0000 2.7220
5.0000 2.6799
5.0000 5.0000
5.0000 5.0000
5.0000 1.0579
5.0000 5.0000
5.0000 4.7306
5.0000 5.0000
5.0000 5.0000
0.9000 0.5433
5.0000 5.0000
5.0000 1.8938
5.0000 5.0000
5.0000 5.0000
5.0000 5.0000
5.0000 5.0000
5.0000 5.0000
5.0000 5.0000
5.0000 5.0000
5.0000 4.6403
5.0000 2.1161
5.0000 3.6265
5.0000 5.0000
5.0000 3.7507
5.0000 5.0000
0.6000 0.3381
5.0000 3.3150
5.0000 5.0000
5.0000 5.0000
5.0000 5.0000
5.0000 3.5870
5.0000 5.0000
5.0000 5.0000
5.0000 5.0000
5.0000 5.0000
1.0000 0.4883
5.0000 5.0000
5.0000 5.0000
5.0000 5.0000
5.0000 5.0000
5.0000 5.0000
5.0000 5.0000
5.0000 5.0000
5.0000 5.0000
5.0000 5.0000
5.0000 5.0000
5.0000 5.0000
5.0000 5.0000
5.0000 4.1531
5.0000 5.0000
5.0000 2.5727
5.0000 4.8110
5.0000 5.0000
5.0000 5.0000
5.0000 3.7605
5.0000 5.0000
5.0000 5.0000
5.0000 5.0000
5.0000 5.0000
5.0000 5.0000
5.0000 4.0537
5.0000 5.0000
5.0000 5.0000
5.0000 5.0000
5.0000 5.0000
5.0000 1.2149
5.0000 5.0000
5.0000 5.0000
5.0000 4.0065
5.0000 5.0000
5.0000 5.0000
5.0000 5.0000
5.0000 5.0000
5.0000 5.0000
5.0000 5.0000
5.0000 5.0000
5.0000 5.0000
5.0000 4.0513
5.0000 1.9261
5.0000 1.0647
5.0000 5.0000
5.0000 5.0000
5.0000 5.0000
5.0000 5.0000
5.0000 1.2199
5.0000 5.0000
5.0000 5.0000
5.0000 5.0000
5.0000 5.0000
5.0000 4.4462
5.0000 5.0000
5.0000 5.0000
5.0000 5.0000
5.0000 5.0000
5.0000 5.0000
5.0000 5.0000
5.0000 5.0000
5.0000 3.8308
5.0000 5.0000
5.0000 4.4521
5.0000 2.4710
5.0000 3.0223
5.0000 5.0000
5.0000 5.0000
5.0000 2.7764
5.0000 5.0000
5.0000 4.0530
5.0000 5.0000
5.0000 0.7990
5.0000 5.0000
5.0000 5.0000
5.0000 3.1229
5.0000 5.0000
5.0000 2.0323
0.4000 0.1932
5.0000 5.0000
5.0000 5.0000
5.0000 2.7733
5.0000 5.0000
5.0000 5.0000
5.0000 4.5851
5.0000 5.0000
5.0000 5.0000
5.0000 5.0000
5.0000 5.0000
5.0000 1.1632
5.0000 5.0000
5.0000 3.3141
5.0000 5.0000
5.0000 5.0000
5.0000 5.0000
5.0000 5.0000
5.0000 4.6884
5.0000 5.0000
5.0000 5.0000
5.0000 5.0000
5.0000 5.0000
5.0000 5.0000
5.0000 5.0000
5.0000 1.4039
5.0000 5.0000
5.0000 5.0000
5.0000 5.0000
5.0000 5.0000
5.0000 5.0000
5.0000 4.2805
5.0000 5.0000
2.8000 1.4728
5.0000 5.0000
5.0000 5.0000
5.0000 5.0000
5.0000 5.0000
5.0000 3.5053
5.0000 5.0000
5.0000 5.0000
5.0000 5.0000
3.1000 5.0000
5.0000 4.4442
5.0000 5.0000
5.0000 5.0000
5.0000 4.8276
0.3000 0.0883
5.0000 5.0000
5.0000 5.0000
5.0000 5.0000
5.0000 5.0000
5.0000 5.0000
5.0000 5.0000
5.0000 5.0000
5.0000 5.0000
5.0000 5.0000
5.0000 2.8386
5.0000 5.0000
5.0000 5.0000
5.0000 5.0000
5.0000 5.0000
5.0000 5.0000
5.0000 2.9343
5.0000 4.7203
5.0000 5.0000
3.0000 1.7017
5.0000 1.6141
5.0000 5.0000
5.0000 5.0000
5.0000 5.0000
5.0000 5.0000
5.0000 5.0000
5.0000 5.0000
5.0000 5.0000
5.0000 5.0000
5.0000 5.0000
5.0000 5.0000
5.0000 5.0000
5.0000 5.0000
5.0000 4.0174
5.0000 5.0000
5.0000 5.0000
5.0000 5.0000
5.0000 5.0000
5.0000 4.1281
5.0000 5.0000
5.0000 5.0000
5.0000 5.0000
0.4000 0.1604
5.0000 4.5951
5.0000 5.0000
5.0000 5.0000
5.0000 5.0000
5.0000 5.0000
5.0000 5.0000
1.0000 0.4201
5.0000 5.0000
5.0000 5.0000
5.0000 5.0000
5.0000 1.2427
5.0000 1.5131
5.0000 5.0000
5.0000 5.0000
5.0000 2.7600
5.0000 5.0000
5.0000 5.0000
5.0000 5.0000
5.0000 4.4371
5.0000 5.0000
5.0000 2.1591
5.0000 5.0000
5.0000 5.0000
5.0000 5.0000
0.3000 0.1218
5.0000 5.0000
5.0000 5.0000
5.0000 5.0000
5.0000 5.0000
5.0000 5.0000
5.0000 5.0000
5.0000 5.0000
5.0000 5.0000
5.0000 3.2538
5.0000 5.0000
5.0000 5.0000
5.0000 5.0000
1.8000 0.8996
5.0000 5.0000
5.0000 5.0000
5.0000 5.0000
5.0000 5.0000
5.0000 5.0000
5.0000 5.0000
5.0000 5.0000
5.0000 5.0000
5.0000 5.0000
5.0000 5.0000
5.0000 5.0000
5.0000 5.0000
5.0000 5.0000
5.0000 5.0000
5.0000 4.4300
5.0000 5.0000
5.0000 3.1244
5.0000 5.0000
5.0000 5.0000
5.0000 4.1832
5.0000 5.0000
5.0000 5.0000
5.0000 1.2747
5.0000 5.0000
5.0000 4.6398
5.0000 5.0000
5.0000 5.0000
5.0000 5.0000
5.0000 5.0000
5.0000 5.0000
5.0000 2.1401
0.3000 0.1462
5.0000 1.1526
5.0000 5.0000
5.0000 5.0000
5.0000 5.0000
5.0000 5.0000
5.0000 3.6646
5.0000 5.0000
5.0000 5.0000
1.1000 0.7431
5.0000 5.0000
5.0000 5.0000
5.0000 5.0000
5.0000 5.0000
5.0000 5.0000
5.0000 5.0000
5.0000 5.0000
5.0000 5.0000
5.0000 5.0000
5.0000 2.0352
5.0000 1.2740
5.0000 5.0000
5.0000 5.0000
5.0000 3.6104
5.0000 4.5625
5.0000 4.8333
5.0000 5.0000
5.0000 5.0000
5.0000 4.8879
5.0000 5.0000
5.0000 5.0000
5.0000 0.4768
5.0000 4.7635
5.0000 5.0000
5.0000 5.0000
5.0000 1.6823
5.0000 5.0000
5.0000 5.0000
5.0000 5.0000
5.0000 5.0000
5.0000 5.0000
5.0000 0.9618
5.0000 4.1850
5.0000 5.0000
5.0000 5.0000
5.0000 5.0000
5.0000 5.0000
5.0000 5.0000
5.0000 5.0000
5.0000 4.8299
5.0000 3.9072
5.0000 5.0000
5.0000 4.1550
5.0000 3.7708
5.0000 0.7137
5.0000 5.0000
5.0000 5.0000
5.0000 3.3225
5.0000 5.0000
5.0000 5.0000
5.0000 5.0000
5.0000 5.0000
5.0000 5.0000
5.0000 5.0000
5.0000 5.0000
5.0000 4.6013
5.0000 2.4260
5.0000 2.5542
5.0000 5.0000
5.0000 1.8025
5.0000 5.0000
5.0000 5.0000
5.0000 0.4410
5.0000 2.9499
5.0000 5.0000
5.0000 5.0000
5.0000 1.6377
5.0000 1.6876
5.0000 5.0000
5.0000 5.0000
5.0000 5.0000
5.0000 5.0000
5.0000 1.9631
5.0000 5.0000
5.0000 5.0000
5.0000 5.0000
5.0000 5.0000
5.0000 5.0000
5.0000 5.0000
5.0000 5.0000
5.0000 5.0000
5.0000 5.0000
0.4000 0.1882
5.0000 5.0000
5.0000 5.0000
5.0000 5.0000
5.0000 5.0000
5.0000 5.0000
5.0000 3.7699
5.0000 5.0000
5.0000 2.7193
5.0000 5.0000
5.0000 5.0000
5.0000 4.9497
5.0000 5.0000
5.0000 4.1740
5.0000 3.0370
5.0000 5.0000
5.0000 5.0000
5.0000 5.0000
5.0000 1.6270
5.0000 5.0000
5.0000 5.0000
5.0000 5.0000
5.0000 4.0207
5.0000 4.2747
5.0000 5.0000
0.5000 0.3160
5.0000 5.0000
5.0000 5.0000
5.0000 5.0000
5.0000 5.0000
5.0000 5.0000
5.0000 5.0000
5.0000 5.0000
0.6000 0.3082
5.0000 5.0000
5.0000 5.0000
5.0000 4.9901
5.0000 5.0000
5.0000 5.0000
5.0000 5.0000
5.0000 2.9633
5.0000 5.0000
5.0000 5.0000
5.0000 5.0000
5.0000 5.0000
5.0000 5.0000
5.0000 4.3900
5.0000 4.3171
0.3000 0.1551
5.0000 5.0000
5.0000 4.1520
5.0000 5.0000
5.0000 5.0000
5.0000 1.2835
0.2000 0.0434
5.0000 5.0000
5.0000 5.0000
5.0000 5.0000
5.0000 5.0000
5.0000 5.0000
5.0000 5.0000
5.0000 3.2238
5.0000 5.0000
5.0000 4.8765
5.0000 5.0000
5.0000 5.0000
5.0000 4.5218
5.0000 5.0000
5.0000 5.0000
5.0000 5.0000
5.0000 3.0434
5.0000 5.0000
5.0000 3.3180
5.0000 2.2675
5.0000 5.0000
5.0000 5.0000
5.0000 2.3757
5.0000 5.0000
5.0000 2.2540
5.0000 5.0000
5.0000 5.0000
5.0000 2.0360
5.0000 5.0000
5.0000 5.0000
5.0000 5.0000
5.0000 5.0000
5.0000 5.0000
0.4000 0.2141
5.0000 5.0000
5.0000 5.0000
5.0000 5.0000
5.0000 5.0000
5.0000 1.1169
5.0000 5.0000
5.0000 3.8804
5.0000 2.9706
5.0000 2.1842
5.0000 5.0000
5.0000 5.0000
5.0000 5.0000
5.0000 5.0000
5.0000 5.0000
5.0000 3.2794
5.0000 5.0000
5.0000 5.0000
5.0000 5.0000
5.0000 1.7948
5.0000 5.0000
5.0000 2.0422
0.4000 0.1483
5.0000 5.0000
5.0000 5.0000
5.0000 5.0000
5.0000 5.0000
2.3000 5.0000
5.0000 0.3727
5.0000 5.0000
5.0000 5.0000
0.5000 0.1952
5.0000 5.0000
5.0000 5.0000
5.0000 4.6828
5.0000 5.0000
5.0000 5.0000
5.0000 2.4930
5.0000 2.4420
5.0000 5.0000
5.0000 5.0000
5.0000 2.5654
5.0000 5.0000
5.0000 1.8662
5.0000 5.0000
5.0000 3.3245
5.0000 5.0000
5.0000 5.0000
5.0000 2.5301
5.0000 5.0000
5.0000 5.0000
5.0000 5.0000
5.0000 5.0000
5.0000 5.0000
5.0000 5.0000
5.0000 5.0000
5.0000 5.0000
0.2000 0.0769
5.0000 5.0000
5.0000 5.0000
5.0000 5.0000
5.0000 5.0000
5.0000 5.0000
5.0000 5.0000
5.0000 5.0000
5.0000 5.0000
5.0000 5.0000
5.0000 5.0000
5.0000 5.0000
5.0000 5.0000
5.0000 0.9154
5.0000 1.2699
5.0000 5.0000
5.0000 5.0000
5.0000 5.0000
5.0000 5.0000
1.2000 0.7400
5.0000 5.0000
5.0000 5.0000
5.0000 5.0000
5.0000 0.9557
5.0000 5.0000
1.2000 0.7210
5.0000 5.0000
5.0000 2.1683
5.0000 5.0000
5.0000 5.0000
5.0000 5.0000
5.0000 5.0000
5.0000 5.0000
5.0000 5.0000
5.0000 5.0000
5.0000 2.2155
5.0000 5.0000
5.0000 5.0000
5.0000 5.0000
1.4000 5.0000
5.0000 5.0000
5.0000 5.0000
5.0000 5.0000
5.0000 5.0000
5.0000 5.0000
5.0000 3.2346
5.0000 5.0000
5.0000 5.0000
5.0000 3.2335
5.0000 3.6488
5.0000 5.0000
5.0000 5.0000
5.0000 5.0000
5.0000 5.0000
5.0000 2.7205
5.0000 5.0000
5.0000 5.0000
5.0000 2.0278
5.0000 1.1086
5.0000 5.0000
5.0000 5.0000
5.0000 5.0000
5.0000 0.7779
5.0000 5.0000
5.0000 2.5560
5.0000 5.0000
5.0000 5.0000
5.0000 0.9476
5.0000 1.9364
5.0000 2.1796
5.0000 5.0000
5.0000 5.0000
5.0000 4.3603
5.0000 5.0000
5.0000 5.0000
5.0000 5.0000
5.0000 5.0000
5.0000 5.0000
5.0000 5.0000
5.0000 5.0000
5.0000 5.0000
5.0000 5.0000
5.0000 5.0000
5.0000 5.0000
5.0000 5.0000
5.0000 4.9681
5.0000 5.0000
5.0000 5.0000
5.0000 5.0000
5.0000 5.0000
5.0000 5.0000
5.0000 5.0000
5.0000 5.0000
5.0000 5.0000
5.0000 5.0000
5.0000 4.6923
5.0000 5.0000
5.0000 3.0363
1.2000 5.0000
5.0000 5.0000
5.0000 3.8462
5.0000 5.0000
5.0000 5.0000
5.0000 2.5593
5.0000 2.0723
5.0000 5.0000
5.0000 1.2529
1.2000 0.7647
5.0000 5.0000
0.5000 0.2961
5.0000 5.0000
5.0000 1.5201
5.0000 5.0000
5.0000 0.6440
5.0000 5.0000
5.0000 4.5686
3.2000 1.8441
5.0000 4.4659
5.0000 5.0000
5.0000 5.0000
5.0000 2.0495
5.0000 1.4448
5.0000 5.0000
5.0000 5.0000
5.0000 5.0000
5.0000 3.6093
5.0000 4.8058
0.3000 0.0782
5.0000 5.0000
5.0000 5.0000
5.0000 5.0000
0.6000 0.3649
5.0000 5.0000
5.0000 5.0000
5.0000 3.7016
1.5000 0.6349
5.0000 5.0000
5.0000 1.9007
5.0000 5.0000
1.6000 2.8405
0.3000 0.1241
5.0000 2.8734
5.0000 5.0000
5.0000 5.0000
5.0000 4.5303
5.0000 5.0000
5.0000 5.0000
5.0000 5.0000
5.0000 4.3986
5.0000 5.0000
0.2000 0.0752
5.0000 5.0000
5.0000 5.0000
5.0000 5.0000
5.0000 1.3955
5.0000 5.0000
5.0000 5.0000
5.0000 0.8289
5.0000 5.0000
5.0000 5.0000
5.0000 5.0000
5.0000 1.6999
5.0000 4.6036
5.0000 2.9303
5.0000 5.0000
5.0000 5.0000
5.0000 5.0000
5.0000 5.0000
5.0000 5.0000
5.0000 5.0000
5.0000 5.0000
5.0000 5.0000
5.0000 1.9861
5.0000 5.0000
5.0000 5.0000
5.0000 1.8469
5.0000 5.0000
5.0000 5.0000
5.0000 3.8290
5.0000 5.0000
5.0000 5.0000
5.0000 5.0000
5.0000 5.0000
5.0000 5.0000
5.0000 5.0000
5.0000 3.4260
5.0000 5.0000
5.0000 2.4200
5.0000 3.7006
5.0000 5.0000
0.7000 0.5350
5.0000 5.0000
5.0000 5.0000
5.0000 1.1622
5.0000 5.0000
5.0000 5.0000
5.0000 5.0000
5.0000 5.0000
5.0000 5.0000
5.0000 3.5260
5.0000 5.0000
5.0000 5.0000
5.0000 5.0000
5.0000 5.0000
5.0000 2.4066
5.0000 4.3395
5.0000 0.9981
5.0000 5.0000
5.0000 5.0000
5.0000 5.0000
5.0000 5.0000
5.0000 5.0000
5.0000 5.0000
5.0000 4.3974
5.0000 5.0000
5.0000 5.0000
5.0000 5.0000
5.0000 1.7505
5.0000 5.0000
5.0000 5.0000
5.0000 5.0000
5.0000 5.0000
5.0000 5.0000
5.0000 5.0000
5.0000 5.0000
0.7000 0.4554
5.0000 5.0000
5.0000 3.1475
5.0000 5.0000
5.0000 5.0000
5.0000 4.9992
5.0000 5.0000
5.0000 5.0000
5.0000 5.0000
5.0000 2.0701
5.0000 5.0000
5.0000 5.0000
5.0000 5.0000
5.0000 5.0000
5.0000 1.1567
5.0000 1.0204
5.0000 5.0000
0.9000 0.6118
5.0000 5.0000
5.0000 5.0000
5.0000 5.0000
5.0000 5.0000
5.0000 5.0000
5.0000 5.0000
5.0000 1.3038
5.0000 5.0000
5.0000 0.8702
5.0000 5.0000
5.0000 5.0000
5.0000 5.0000
5.0000 5.0000
5.0000 5.0000
5.0000 5.0000
5.0000 5.0000
5.0000 5.0000
5.0000 5.0000
5.0000 5.0000
5.0000 5.0000
5.0000 5.0000
5.0000 3.9773
5.0000 5.0000
5.0000 5.0000
5.0000 5.0000
5.0000 1.6995
5.0000 1.1880
5.0000 5.0000
5.0000 5.0000
5.0000 5.0000
5.0000 5.0000
5.0000 5.0000
5.0000 5.0000
5.0000 5.0000
5.0000 5.0000
5.0000 5.0000
5.0000 5.0000
5.0000 5.0000
5.0000 5.0000
5.0000 4.1453
5.0000 5.0000
5.0000 1.7715
2.2000 5.0000
5.0000 5.0000
5.0000 5.0000
5.0000 5.0000
5.0000 3.2635
5.0000 5.0000
5.0000 5.0000
5.0000 5.0000
1.3000 0.6321
5.0000 5.0000
5.0000 5.0000
5.0000 5.0000
5.0000 1.9262
5.0000 3.2617
5.0000 5.0000
5.0000 2.8436
5.0000 5.0000
5.0000 5.0000
5.0000 5.0000
5.0000 5.0000
5.0000 5.0000
5.0000 5.0000
5.0000 3.5152
5.0000 5.0000
5.0000 5.0000
5.0000 5.0000
5.0000 5.0000
5.0000 5.0000
5.0000 5.0000
0.3000 0.1490
5.0000 0.8530
5.0000 5.0000
5.0000 1.2111
5.0000 5.0000
5.0000 5.0000
5.0000 5.0000
5.0000 5.0000
5.0000 1.4850
5.0000 5.0000
5.0000 5.0000
5.0000 5.0000
5.0000 4.7719
5.0000 5.0000
5.0000 4.3532
5.0000 1.8858
5.0000 5.0000
5.0000 5.0000
5.0000 0.8148
5.0000 5.0000
5.0000 2.1001
5.0000 5.0000
5.0000 5.0000
5.0000 5.0000
5.0000 5.0000
5.0000 5.0000
5.0000 2.2271
5.0000 3.2709
5.0000 5.0000
5.0000 5.0000
5.0000 5.0000
0.4000 0.2737
5.0000 5.0000
5.0000 5.0000
5.0000 5.0000
5.0000 5.0000
1.1000 0.6073
5.0000 2.6944
5.0000 0.9570
5.0000 5.0000
5.0000 5.0000
5.0000 5.0000
1.3000 0.9168
5.0000 5.0000
5.0000 5.0000
5.0000 5.0000
5.0000 5.0000
5.0000 5.0000
5.0000 1.8516
5.0000 3.7919
5.0000 2.1921
5.0000 5.0000
5.0000 4.3312
5.0000 3.6567
5.0000 5.0000
5.0000 5.0000
5.0000 5.0000
5.0000 4.4804
5.0000 5.0000
5.0000 5.0000
5.0000 5.0000
5.0000 5.0000
5.0000 5.0000
5.0000 5.0000
5.0000 2.9833
5.0000 5.0000
5.0000 5.0000
5.0000 3.0248
5.0000 5.0000
5.0000 5.0000
5.0000 5.0000
5.0000 5.0000
5.0000 5.0000
5.0000 5.0000
5.0000 2.5655
5.0000 5.0000
5.0000 5.0000
5.0000 5.0000
5.0000 5.0000
5.0000 5.0000
5.0000 5.0000
5.0000 5.0000
5.0000 5.0000
5.0000 2.8497
5.0000 5.0000
5.0000 5.0000
5.0000 5.0000
5.0000 5.0000
0.4000 0.1462
5.0000 5.0000
5.0000 5.0000
5.0000 4.1702
5.0000 4.1752
5.0000 5.0000
5.0000 4.1372
5.0000 5.0000
5.0000 5.0000
5.0000 5.0000
5.0000 3.4415
5.0000 5.0000
5.0000 1.3515
5.0000 1.9652
5.0000 5.0000
5.0000 5.0000
5.0000 0.8104
5.0000 5.0000
5.0000 1.6192
5.0000 5.0000
5.0000 0.9462
5.0000 5.0000
5.0000 3.0115
5.0000 5.0000
5.0000 5.0000
5.0000 5.0000
5.0000 4.0008
5.0000 5.0000
0.6000 0.3101
5.0000 5.0000
5.0000 4.2594
5.0000 5.0000
5.0000 5.0000
5.0000 5.0000
5.0000 1.0615
5.0000 5.0000
5.0000 5.0000
5.0000 5.0000
5.0000 3.1176
5.0000 5.0000
5.0000 5.0000
5.0000 5.0000
5.0000 5.0000
5.0000 4.3005
5.0000 5.0000
5.0000 5.0000
5.0000 5.0000
5.0000 5.0000
5.0000 5.0000
5.0000 3.7428
5.0000 5.0000
5.0000 5.0000
5.0000 5.0000
5.0000 5.0000
5.0000 5.0000
5.0000 5.0000
5.0000 5.0000
5.0000 5.0000
5.0000 4.7782
5.0000 2.1906
1.1000 0.6056
5.0000 5.0000
5.0000 5.0000
5.0000 5.0000
5.0000 5.0000
5.0000 5.0000
5.0000 5.0000
5.0000 5.0000
5.0000 5.0000
5.0000 5.0000
5.0000 5.0000
5.0000 5.0000
5.0000 5.0000
5.0000 5.0000
5.0000 5.0000
5.0000 5.0000
5.0000 5.0000
5.0000 5.0000
5.0000 5.0000
5.0000 5.0000
5.0000 5.0000
5.0000 1.4206
5.0000 3.3485
5.0000 5.0000
5.0000 5.0000
5.0000 5.0000
5.0000 5.0000
5.0000 5.0000
5.0000 5.0000
5.0000 5.0000
5.0000 4.7986
5.0000 0.9205
5.0000 5.0000
5.0000 5.0000
5.0000 5.0000
5.0000 5.0000
5.0000 5.0000
5.0000 5.0000
5.0000 4.8351
5.0000 5.0000
5.0000 5.0000
5.0000 5.0000
5.0000 5.0000
5.0000 1.0861
5.0000 1.7423
5.0000 5.0000
5.0000 1.0590
5.0000 5.0000
5.0000 5.0000
5.0000 5.0000
5.0000 5.0000
5.0000 5.0000
5.0000 5.0000
5.0000 5.0000
5.0000 5.0000
5.0000 5.0000
5.0000 5.0000
5.0000 5.0000
0.9000 0.3168
5.0000 5.0000
5.0000 3.5969
5.0000 5.0000
5.0000 5.0000
5.0000 1.5165
5.0000 5.0000
5.0000 5.0000
5.0000 0.6866
5.0000 5.0000
5.0000 5.0000
5.0000 5.0000
5.0000 5.0000
5.0000 5.0000
5.0000 5.0000
5.0000 5.0000
5.0000 5.0000
5.0000 5.0000
5.0000 4.8690
5.0000 5.0000
5.0000 2.4354
5.0000 5.0000
5.0000 5.0000
5.0000 2.3838
5.0000 3.7797
5.0000 3.8061
5.0000 5.0000
5.0000 0.7393
5.0000 1.8633
5.0000 5.0000
5.0000 5.0000
5.0000 5.0000
5.0000 5.0000
5.0000 5.0000
5.0000 5.0000
5.0000 5.0000
5.0000 5.0000
5.0000 2.2669
5.0000 5.0000
5.0000 5.0000
5.0000 5.0000
5.0000 4.6243
5.0000 3.8330
5.0000 5.0000
2.3000 1.3454
5.0000 5.0000
5.0000 3.2819
5.0000 5.0000
5.0000 5.0000
5.0000 5.0000
5.0000 5.0000
5.0000 5.0000
5.0000 5.0000
5.0000 5.0000
5.0000 4.0232
5.0000 3.9936
0.8000 0.3610
5.0000 4.3775
5.0000 4.5971
5.0000 5.0000
5.0000 5.0000
5.0000 5.0000
5.0000 5.0000
5.0000 5.0000
5.0000 5.0000
5.0000 5.0000
5.0000 5.0000
5.0000 3.3686
5.0000 5.0000
5.0000 5.0000
5.0000 5.0000
5.0000 5.0000
5.0000 5.0000
5.0000 1.9448
5.0000 5.0000
5.0000 2.8701
5.0000 5.0000
5.0000 5.0000
5.0000 5.0000
5.0000 5.0000
5.0000 5.0000
5.0000 5.0000
5.0000 5.0000
5.0000 2.5792
5.0000 5.0000
5.0000 2.9262
5.0000 1.7578
0.8000 0.5500
5.0000 5.0000
5.0000 5.0000
5.0000 5.0000
5.0000 5.0000
5.0000 1.5767
5.0000 1.2760
5.0000 0.5395
5.0000 3.2052
5.0000 5.0000
5.0000 1.7798
0.4000 0.2213
5.0000 5.0000
5.0000 5.0000
5.0000 5.0000
5.0000 5.0000
5.0000 5.0000
1.3000 0.8895
5.0000 5.0000
5.0000 5.0000
5.0000 5.0000
5.0000 5.0000
5.0000 5.0000
1.5000 0.8518
5.0000 4.0077
5.0000 5.0000
5.0000 5.0000
5.0000 5.0000
5.0000 0.4232
0.5000 0.1807
5.0000 5.0000
5.0000 5.0000
0.3000 0.0464
1.2000 5.0000
5.0000 2.5513
5.0000 5.0000
5.0000 5.0000
5.0000 5.0000
5.0000 5.0000
5.0000 5.0000
5.0000 5.0000
5.0000 3.3634
5.0000 5.0000
5.0000 1.5922
5.0000 5.0000
5.0000 5.0000
2.3000 0.9464
5.0000 5.0000
5.0000 5.0000
5.0000 5.0000
5.0000 0.2539
5.0000 0.6615
5.0000 5.0000
5.0000 5.0000
5.0000 3.3764
5.0000 5.0000
5.0000 5.0000
5.0000 5.0000
5.0000 3.5546
5.0000 2.9778
5.0000 5.0000
5.0000 5.0000
5.0000 1.6716
5.0000 5.0000
5.0000 5.0000
5.0000 5.0000
5.0000 5.0000
5.0000 5.0000
5.0000 1.8284
5.0000 5.0000
5.0000 5.0000
5.0000 5.0000
5.0000 5.0000
5.0000 5.0000
5.0000 4.2806
5.0000 5.0000
5.0000 5.0000
5.0000 5.0000
5.0000 5.0000
5.0000 4.4335
5.0000 5.0000
5.0000 5.0000
5.0000 4.0080
5.0000 5.0000
5.0000 5.0000
5.0000 5.0000
5.0000 4.5857
5.0000 5.0000
5.0000 5.0000
5.0000 5.0000
5.0000 5.0000
5.0000 5.0000
5.0000 1.6092
5.0000 5.0000
5.0000 5.0000
5.0000 5.0000
5.0000 5.0000
5.0000 5.0000
5.0000 5.0000
5.0000 5.0000
5.0000 5.0000
5.0000 5.0000
5.0000 4.1655
5.0000 5.0000
5.0000 5.0000
5.0000 5.0000
5.0000 5.0000
5.0000 5.0000
5.0000 5.0000
5.0000 5.0000
5.0000 5.0000
5.0000 5.0000
5.0000 2.3330
5.0000 5.0000
5.0000 5.0000
5.0000 5.0000
5.0000 5.0000
5.0000 1.3180
5.0000 2.3622
5.0000 3.3780
5.0000 5.0000
5.0000 5.0000
5.0000 5.0000
5.0000 5.0000
5.0000 5.0000
5.0000 5.0000
5.0000 5.0000
5.0000 5.0000
5.0000 5.0000
5.0000 4.4884
5.0000 5.0000
5.0000 5.0000
5.0000 5.0000
5.0000 5.0000
5.0000 5.0000
5.0000 3.9924
5.0000 4.6070
5.0000 4.4772
5.0000 5.0000
5.0000 2.3109
5.0000 5.0000
5.0000 5.0000
5.0000 5.0000
5.0000 5.0000
5.0000 5.0000
5.0000 5.0000
5.0000 4.0462
5.0000 5.0000
5.0000 5.0000
5.0000 5.0000
5.0000 5.0000
5.0000 5.0000
5.0000 5.0000
5.0000 5.0000
5.0000 5.0000
5.0000 5.0000
5.0000 3.0210
5.0000 5.0000
5.0000 3.1102
5.0000 5.0000
5.0000 5.0000
5.0000 5.0000
5.0000 3.4435
5.0000 1.3657
5.0000 5.0000
5.0000 5.0000
5.0000 5.0000
5.0000 5.0000
5.0000 5.0000
5.0000 5.0000
5.0000 5.0000
5.0000 5.0000
5.0000 5.0000
5.0000 5.0000
5.0000 5.0000
5.0000 1.7143
5.0000 5.0000
5.0000 5.0000
5.0000 5.0000
5.0000 5.0000
5.0000 1.3348
5.0000 5.0000
5.0000 5.0000
5.0000 5.0000
5.0000 4.8531
5.0000 5.0000
5.0000 5.0000
5.0000 5.0000
5.0000 2.7700
5.0000 5.0000
5.0000 5.0000
5.0000 5.0000
5.0000 5.0000
5.0000 5.0000
5.0000 5.0000
5.0000 5.0000
5.0000 5.0000
5.0000 5.0000
5.0000 5.0000
5.0000 3.4371
5.0000 5.0000
5.0000 5.0000
5.0000 5.0000
5.0000 5.0000
5.0000 5.0000
5.0000 5.0000
5.0000 5.0000
5.0000 5.0000
5.0000 4.4396
5.0000 5.0000
5.0000 5.0000
5.0000 5.0000
5.0000 5.0000
5.0000 5.0000
5.0000 3.1408
5.0000 0.5985
5.0000 4.8865
5.0000 2.6091
0.3000 0.0708
5.0000 5.0000
5.0000 5.0000
5.0000 5.0000
5.0000 5.0000
5.0000 5.0000
5.0000 5.0000
5.0000 5.0000
5.0000 5.0000
5.0000 5.0000
5.0000 2.9364
5.0000 5.0000
5.0000 5.0000
5.0000 5.0000
5.0000 5.0000
0.5000 0.3665
5.0000 5.0000
5.0000 5.0000
5.0000 5.0000
5.0000 5.0000
5.0000 5.0000
5.0000 5.0000
5.0000 5.0000
5.0000 5.0000
5.0000 5.0000
5.0000 5.0000
5.0000 5.0000
5.0000 1.6182
5.0000 2.1164
0.4000 0.2083
5.0000 5.0000
5.0000 5.0000
5.0000 5.0000
5.0000 5.0000
5.0000 5.0000
5.0000 5.0000
5.0000 5.0000
5.0000 5.0000
5.0000 5.0000
5.0000 5.0000
5.0000 5.0000
5.0000 5.0000
5.0000 5.0000
5.0000 5.0000
5.0000 5.0000
5.0000 5.0000
5.0000 2.7481
5.0000 5.0000
5.0000 5.0000
5.0000 5.0000
5.0000 2.6794
5.0000 5.0000
5.0000 4.5737
1.6000 4.8868
5.0000 5.0000
5.0000 5.0000
5.0000 5.0000
5.0000 4.7172
0.4000 0.1143
5.0000 5.0000
5.0000 5.0000
5.0000 3.5330
1.0000 0.3035
5.0000 5.0000
5.0000 5.0000
5.0000 5.0000
5.0000 2.0653
5.0000 5.0000
5.0000 5.0000
5.0000 0.6474
5.0000 5.0000
5.0000 5.0000
5.0000 5.0000
5.0000 2.0360
5.0000 5.0000
5.0000 5.0000
5.0000 5.0000
5.0000 5.0000
5.0000 5.0000
5.0000 3.8018
5.0000 5.0000
5.0000 5.0000
1.5000 0.8495
5.0000 5.0000
5.0000 5.0000
5.0000 5.0000
5.0000 5.0000
5.0000 5.0000
5.0000 2.5648
0.2000 0.0000
5.0000 5.0000
5.0000 5.0000
1.2000 0.7135
5.0000 5.0000
5.0000 4.3676
5.0000 3.1999
5.0000 5.0000
5.0000 5.0000
5.0000 5.0000
5.0000 5.0000
5.0000 5.0000
5.0000 5.0000
5.0000 5.0000
5.0000 3.5489
5.0000 3.9773
5.0000 5.0000
5.0000 5.0000
5.0000 5.0000
5.0000 5.0000
5.0000 5.0000
5.0000 5.0000
5.0000 5.0000
5.0000 5.0000
5.0000 5.0000
5.0000 3.6613
5.0000 3.5540
5.0000 5.0000
5.0000 5.0000
5.0000 5.0000
5.0000 5.0000
5.0000 5.0000
5.0000 5.0000
5.0000 5.0000
5.0000 5.0000
5.0000 5.0000
5.0000 5.0000
5.0000 5.0000
5.0000 5.0000
5.0000 5.0000
5.0000 1.5071
5.0000 5.0000
5.0000 5.0000
5.0000 5.0000
5.0000 1.8641
5.0000 5.0000
5.0000 1.0951
5.0000 5.0000
5.0000 3.3865
5.0000 5.0000
5.0000 1.1938
5.0000 5.0000
5.0000 5.0000
5.0000 5.0000
5.0000 5.0000
5.0000 5.0000
5.0000 3.2709
5.0000 5.0000
5.0000 5.0000
5.0000 2.4008
5.0000 5.0000
5.0000 5.0000
5.0000 5.0000
5.0000 5.0000
0.3000 0.0543
5.0000 0.9260
5.0000 5.0000
5.0000 5.0000
5.0000 1.5643
5.0000 5.0000
5.0000 4.2732
5.0000 5.0000
5.0000 5.0000
5.0000 5.0000
5.0000 5.0000
5.0000 2.8382
5.0000 5.0000
5.0000 4.2290
5.0000 5.0000
5.0000 5.0000
5.0000 2.5819
5.0000 5.0000
5.0000 3.1101
5.0000 5.0000
5.0000 4.1287
5.0000 2.2487
5.0000 5.0000
5.0000 5.0000
5.0000 5.0000
5.0000 5.0000
5.0000 5.0000
5.0000 5.0000
5.0000 5.0000
5.0000 3.1914
5.0000 5.0000
5.0000 2.2203
5.0000 5.0000
2.3000 1.0578
5.0000 5.0000
5.0000 5.0000
5.0000 5.0000
5.0000 5.0000
5.0000 5.0000
5.0000 5.0000
5.0000 5.0000
5.0000 5.0000
5.0000 5.0000
5.0000 1.6718
0.5000 0.3153
5.0000 5.0000
5.0000 5.0000
5.0000 2.9020
5.0000 5.0000
5.0000 4.0864
5.0000 5.0000
5.0000 5.0000
5.0000 5.0000
5.0000 5.0000
5.0000 5.0000
5.0000 5.0000
5.0000 1.0331
5.0000 5.0000
5.0000 5.0000
5.0000 5.0000
5.0000 5.0000
5.0000 5.0000
5.0000 5.0000
5.0000 5.0000
5.0000 5.0000
5.0000 5.0000
5.0000 4.1194
5.0000 5.0000
5.0000 5.0000
5.0000 5.0000
5.0000 5.0000
5.0000 5.0000
1.1000 0.5001
5.0000 5.0000
5.0000 5.0000
5.0000 5.0000
5.0000 5.0000
5.0000 5.0000
5.0000 5.0000
5.0000 1.0906
5.0000 5.0000
5.0000 5.0000
5.0000 5.0000
5.0000 5.0000
5.0000 5.0000
5.0000 5.0000
5.0000 5.0000
5.0000 5.0000
5.0000 5.0000
5.0000 2.5896
5.0000 5.0000
5.0000 3.9255
5.0000 5.0000
5.0000 2.8199
5.0000 5.0000
5.0000 1.4401
5.0000 5.0000
5.0000 5.0000
5.0000 1.7596
5.0000 5.0000
5.0000 5.0000
5.0000 5.0000
5.0000 5.0000
5.0000 5.0000
5.0000 5.0000
5.0000 5.0000
5.0000 5.0000
5.0000 5.0000
5.0000 1.4730
5.0000 5.0000
5.0000 5.0000
5.0000 5.0000
5.0000 5.0000
5.0000 5.0000
5.0000 4.2357
5.0000 5.0000
0.7000 0.4206
5.0000 5.0000
5.0000 4.0835
0.6000 0.3158
5.0000 4.3776
5.0000 1.5112
5.0000 5.0000
5.0000 5.0000
5.0000 5.0000
5.0000 5.0000
5.0000 5.0000
5.0000 5.0000
5.0000 5.0000
5.0000 5.0000
5.0000 5.0000
5.0000 5.0000
5.0000 5.0000
5.0000 5.0000
5.0000 5.0000
5.0000 4.9182
5.0000 5.0000
5.0000 5.0000
5.0000 5.0000
5.0000 4.2044
5.0000 4.7828
5.0000 5.0000
5.0000 5.0000
5.0000 4.9977
5.0000 5.0000
5.0000 5.0000
5.0000 5.0000
5.0000 5.0000
5.0000 1.2672
5.0000 2.9985
5.0000 3.6146
5.0000 4.5634
5.0000 3.3149
5.0000 5.0000
5.0000 5.0000
5.0000 4.9580
5.0000 5.0000
5.0000 3.9099
5.0000 5.0000
5.0000 5.0000
5.0000 5.0000
5.0000 5.0000
5.0000 5.0000
5.0000 4.9327
5.0000 1.3356
5.0000 4.5006
5.0000 5.0000
5.0000 1.7804
5.0000 5.0000
1.5000 0.8360
5.0000 5.0000
5.0000 5.0000
5.0000 5.0000
5.0000 5.0000
5.0000 2.4281
5.0000 5.0000
5.0000 1.8062
5.0000 5.0000
5.0000 4.4935
5.0000 3.1572
5.0000 5.0000
5.0000 1.0714
5.0000 4.9638
5.0000 5.0000
5.0000 4.7332
5.0000 4.4495
5.0000 5.0000
5.0000 4.7051
5.0000 5.0000
5.0000 5.0000
5.0000 5.0000
5.0000 4.9891
5.0000 5.0000
5.0000 5.0000
5.0000 5.0000
5.0000 1.4923
5.0000 5.0000
5.0000 5.0000
5.0000 5.0000
5.0000 5.0000
5.0000 5.0000
0.6000 0.3431
5.0000 5.0000
5.0000 5.0000
5.0000 1.5304
5.0000 5.0000
5.0000 5.0000
5.0000 5.0000
5.0000 5.0000
5.0000 5.0000
5.0000 5.0000
5.0000 5.0000
5.0000 5.0000
5.0000 5.0000
5.0000 2.5933
5.0000 5.0000
5.0000 2.7229
5.0000 2.6284
5.0000 5.0000
5.0000 5.0000
5.0000 5.0000
5.0000 5.0000
5.0000 5.0000
5.0000 0.8533
5.0000 5.0000
5.0000 5.0000
5.0000 5.0000
5.0000 5.0000
5.0000 4.4365
5.0000 5.0000
0.3000 0.1126
5.0000 5.0000
5.0000 5.0000
5.0000 5.0000
5.0000 5.0000
5.0000 2.2885
5.0000 5.0000
5.0000 4.7598
5.0000 3.2975
5.0000 5.0000
5.0000 5.0000
5.0000 5.0000
5.0000 5.0000
5.0000 1.6577
5.0000 5.0000
5.0000 1.4259
5.0000 5.0000
5.0000 5.0000
5.0000 2.9997
5.0000 5.0000
5.0000 5.0000
5.0000 5.0000
5.0000 5.0000
5.0000 1.0950
5.0000 5.0000
5.0000 5.0000
5.0000 5.0000
5.0000 1.6213
5.0000 5.0000
5.0000 1.8000
5.0000 0.7488
5.0000 1.7685
5.0000 5.0000
5.0000 5.0000
5.0000 5.0000
5.0000 5.0000
5.0000 5.0000
5.0000 5.0000
5.0000 5.0000
5.0000 1.4492
5.0000 5.0000
5.0000 0.9273
1.3000 5.0000
5.0000 5.0000
5.0000 5.0000
5.0000 5.0000
5.0000 5.0000
5.0000 1.6990
5.0000 5.0000
5.0000 5.0000
5.0000 2.9133
5.0000 5.0000
5.0000 5.0000
5.0000 5.0000
5.0000 4.4043
5.0000 5.0000
5.0000 1.2787
4.6000 4.6594
5.0000 5.0000
5.0000 5.0000
5.0000 5.0000
5.0000 5.0000
5.0000 5.0000
1.0000 0.5457
5.0000 5.0000
5.0000 5.0000
5.0000 5.0000
5.0000 5.0000
5.0000 5.0000
5.0000 0.6579
5.0000 4.6958
5.0000 5.0000
5.0000 1.7093
5.0000 3.8284
5.0000 4.3394
5.0000 5.0000
5.0000 5.0000
5.0000 3.0546
5.0000 5.0000
5.0000 5.0000
5.0000 2.6058
5.0000 5.0000
5.0000 5.0000
5.0000 5.0000
5.0000 3.5602
5.0000 5.0000
5.0000 5.0000
5.0000 5.0000
5.0000 5.0000
5.0000 5.0000
5.0000 5.0000
5.0000 5.0000
5.0000 1.5397
5.0000 5.0000
5.0000 5.0000
5.0000 5.0000
5.0000 5.0000
5.0000 5.0000
5.0000 5.0000
5.0000 5.0000
5.0000 5.0000
5.0000 5.0000
5.0000 5.0000
5.0000 3.8436
5.0000 5.0000
5.0000 5.0000
5.0000 5.0000
5.0000 5.0000
5.0000 5.0000
5.0000 5.0000
5.0000 1.4351
5.0000 1.5370
5.0000 2.9500
5.0000 5.0000
5.0000 5.0000
5.0000 5.0000
5.0000 5.0000
5.0000 5.0000
5.0000 5.0000
5.0000 5.0000
5.0000 5.0000
5.0000 5.0000
5.0000 5.0000
5.0000 5.0000
5.0000 5.0000
5.0000 3.2394
5.0000 2.1094
0.6000 0.2940
5.0000 5.0000
5.0000 5.0000
5.0000 4.3686
5.0000 5.0000
5.0000 5.0000
5.0000 5.0000
5.0000 5.0000
5.0000 5.0000
5.0000 1.1344
5.0000 4.2981
5.0000 4.9359
5.0000 5.0000
5.0000 3.1812
5.0000 5.0000
5.0000 5.0000
5.0000 2.1908
5.0000 5.0000
5.0000 1.7634
5.0000 4.2106
5.0000 5.0000
2.8000 2.4246
5.0000 2.8227
5.0000 5.0000
5.0000 2.7335
5.0000 5.0000
0.5000 0.2360
5.0000 5.0000
5.0000 2.3145
1.2000 0.7286
5.0000 5.0000
5.0000 5.0000
5.0000 5.0000
5.0000 4.6234
5.0000 4.2110
5.0000 3.5472
5.0000 5.0000
5.0000 5.0000
5.0000 2.9403
5.0000 5.0000
5.0000 5.0000
5.0000 5.0000
5.0000 5.0000
5.0000 3.4707
5.0000 5.0000
5.0000 5.0000
5.0000 5.0000
5.0000 5.0000
5.0000 5.0000
5.0000 2.3880
5.0000 5.0000
5.0000 5.0000
5.0000 5.0000
5.0000 2.6465
5.0000 5.0000
5.0000 2.6278
5.0000 5.0000
5.0000 5.0000
5.0000 5.0000
0.8000 0.4472
5.0000 5.0000
5.0000 5.0000
5.0000 5.0000
5.0000 5.0000
5.0000 5.0000
0.3000 0.1289
5.0000 4.4266
0.5000 0.2622
5.0000 5.0000
5.0000 5.0000
5.0000 5.0000
2.2000 1.1491
5.0000 2.2743
5.0000 4.1573
5.0000 4.2139
5.0000 5.0000
5.0000 5.0000
5.0000 5.0000
5.0000 3.2877
3.6000 3.6380
5.0000 5.0000
5.0000 1.6532
0.3000 0.1340
5.0000 5.0000
5.0000 5.0000
5.0000 3.7100
5.0000 5.0000
5.0000 5.0000
5.0000 5.0000
5.0000 5.0000
5.0000 5.0000
5.0000 5.0000
5.0000 5.0000
5.0000 5.0000
5.0000 2.9690
5.0000 2.1359
5.0000 2.5523
5.0000 5.0000
5.0000 5.0000
5.0000 5.0000
5.0000 5.0000
5.0000 5.0000
5.0000 5.0000
5.0000 5.0000
5.0000 2.1788
5.0000 5.0000
5.0000 5.0000
5.0000 5.0000
5.0000 4.1638
5.0000 5.0000
5.0000 5.0000
5.0000 5.0000
5.0000 5.0000
1.8000 5.0000
5.0000 5.0000
5.0000 5.0000
5.0000 5.0000
5.0000 5.0000
5.0000 5.0000
5.0000 5.0000
5.0000 3.0758
5.0000 5.0000
5.0000 3.4231
5.0000 5.0000
5.0000 5.0000
5.0000 5.0000
0.7000 0.3863
5.0000 5.0000
5.0000 5.0000
5.0000 5.0000
5.0000 5.0000
5.0000 5.0000
5.0000 5.0000
5.0000 4.2036
5.0000 5.0000
5.0000 5.0000
5.0000 5.0000
5.0000 5.0000
5.0000 5.0000
5.0000 5.0000
5.0000 5.0000
5.0000 1.3524
5.0000 1.0870
5.0000 5.0000
5.0000 1.8052
5.0000 5.0000
5.0000 1.8913
5.0000 5.0000
5.0000 4.7482
5.0000 5.0000
1.4000 0.9330
5.0000 5.0000
5.0000 5.0000
5.0000 4.9139
5.0000 5.0000
5.0000 2.1168
5.0000 4.9773
5.0000 5.0000
5.0000 5.0000
5.0000 5.0000
5.0000 5.0000
5.0000 1.3522
5.0000 5.0000
5.0000 5.0000
5.0000 5.0000
5.0000 1.8808
5.0000 5.0000
5.0000 5.0000
5.0000 5.0000
5.0000 2.5766
5.0000 2.2276
5.0000 5.0000
5.0000 5.0000
5.0000 5.0000
5.0000 5.0000
5.0000 5.0000
5.0000 5.0000
5.0000 5.0000
5.0000 5.0000
5.0000 5.0000
0.5000 0.1001
5.0000 5.0000
5.0000 5.0000
5.0000 2.0661
5.0000 5.0000
5.0000 5.0000
5.0000 5.0000
5.0000 5.0000
5.0000 5.0000
5.0000 5.0000
5.0000 4.6926
0.5000 0.3026
5.0000 5.0000
5.0000 5.0000
5.0000 0.6426
5.0000 3.4592
5.0000 5.0000
5.0000 3.1233
5.0000 5.0000
5.0000 3.9321
5.0000 5.0000
5.0000 1.8867
5.0000 2.5535
5.0000 5.0000
5.0000 5.0000
5.0000 1.9789
5.0000 5.0000
5.0000 5.0000
5.0000 3.9554
5.0000 5.0000
5.0000 3.3926
5.0000 5.0000
5.0000 5.0000
5.0000 5.0000
5.0000 2.4807
5.0000 3.2237
5.0000 2.6957
5.0000 3.1880
5.0000 4.1791
5.0000 3.7390
5.0000 3.4249
5.0000 5.0000
5.0000 1.4059
5.0000 5.0000
0.4000 0.1436
5.0000 5.0000
5.0000 5.0000
0.8000 0.4565
5.0000 5.0000
5.0000 5.0000
5.0000 5.0000
5.0000 5.0000
5.0000 5.0000
5.0000 2.9793
5.0000 5.0000
5.0000 2.4651
5.0000 5.0000
5.0000 2.9832
5.0000 5.0000
5.0000 5.0000
5.0000 5.0000
5.0000 5.0000
5.0000 3.4870
5.0000 5.0000
5.0000 5.0000
5.0000 3.5606
5.0000 5.0000
5.0000 5.0000
5.0000 5.0000
5.0000 5.0000
5.0000 5.0000
5.0000 5.0000
5.0000 5.0000
5.0000 5.0000
5.0000 5.0000
5.0000 5.0000
5.0000 4.7959
5.0000 5.0000
5.0000 5.0000
5.0000 2.3552
5.0000 5.0000
1.1000 1.2869
5.0000 2.0210
5.0000 5.0000
5.0000 5.0000
5.0000 1.1255
5.0000 5.0000
5.0000 1.5982
5.0000 5.0000
5.0000 5.0000
5.0000 2.9730
5.0000 1.4503
5.0000 5.0000
5.0000 5.0000
5.0000 5.0000
5.0000 5.0000
5.0000 5.0000
0.6000 0.3108
5.0000 5.0000
5.0000 5.0000
5.0000 5.0000
0.3000 0.0548
5.0000 5.0000
5.0000 1.5253
5.0000 5.0000
5.0000 5.0000
5.0000 5.0000
5.0000 5.0000
5.0000 1.5172
0.2000 0.0000
5.0000 5.0000
5.0000 5.0000
5.0000 5.0000
5.0000 5.0000
5.0000 3.6365
5.0000 5.0000
0.4000 0.2860
5.0000 1.5315
5.0000 5.0000
5.0000 1.8674
5.0000 0.8150
5.0000 3.6016
5.0000 5.0000
0.4000 0.1434
5.0000 5.0000
5.0000 3.3351
5.0000 5.0000
5.0000 5.0000
4.1000 5.0000
5.0000 5.0000
5.0000 5.0000
5.0000 5.0000
5.0000 5.0000
5.0000 1.2255
5.0000 5.0000
5.0000 5.0000
5.0000 5.0000
5.0000 1.8379
2.7000 1.1168
5.0000 5.0000
5.0000 5.0000
5.0000 5.0000
5.0000 1.4464
5.0000 5.0000
5.0000 5.0000
5.0000 0.6169
5.0000 1.7090
5.0000 5.0000
5.0000 5.0000
5.0000 5.0000
5.0000 5.0000
5.0000 5.0000
5.0000 5.0000
5.0000 5.0000
5.0000 5.0000
5.0000 5.0000
5.0000 5.0000
5.0000 5.0000
5.0000 3.5907
5.0000 5.0000
5.0000 2.1056
5.0000 5.0000
5.0000 1.0534
5.0000 5.0000
5.0000 5.0000
5.0000 5.0000
5.0000 5.0000
5.0000 5.0000
5.0000 4.3089
5.0000 5.0000
5.0000 5.0000
5.0000 5.0000
5.0000 3.3927
5.0000 1.8239
5.0000 2.2634
5.0000 5.0000
5.0000 5.0000
5.0000 5.0000
5.0000 5.0000
5.0000 2.3702
5.0000 5.0000
5.0000 1.3096
5.0000 2.4654
5.0000 5.0000
5.0000 5.0000
5.0000 4.7121
5.0000 4.3141
5.0000 5.0000
5.0000 5.0000
5.0000 0.7279
5.0000 5.0000
5.0000 5.0000
5.0000 5.0000
5.0000 5.0000
5.0000 1.6792
5.0000 5.0000
5.0000 5.0000
5.0000 5.0000
5.0000 5.0000
5.0000 3.4526
5.0000 5.0000
5.0000 5.0000
5.0000 5.0000
5.0000 5.0000
5.0000 5.0000
5.0000 5.0000
5.0000 5.0000
5.0000 5.0000
5.0000 4.7887
5.0000 5.0000
5.0000 1.8219
5.0000 5.0000
5.0000 5.0000
5.0000 5.0000
5.0000 5.0000
5.0000 5.0000
5.0000 2.5043
5.0000 5.0000
5.0000 5.0000
5.0000 5.0000
5.0000 5.0000
5.0000 5.0000
5.0000 5.0000
5.0000 5.0000
5.0000 5.0000
5.0000 2.9823
5.0000 5.0000
5.0000 5.0000
5.0000 5.0000
5.0000 5.0000
5.0000 5.0000
5.0000 5.0000
5.0000 5.0000
5.0000 3.1968
5.0000 4.7864
5.0000 5.0000
5.0000 1.8327
5.0000 5.0000
5.0000 5.0000
5.0000 2.0698
5.0000 5.0000
5.0000 5.0000
5.0000 5.0000
5.0000 5.0000
5.0000 0.1529
5.0000 0.8893
5.0000 5.0000
5.0000 5.0000
5.0000 5.0000
5.0000 5.0000
5.0000 5.0000
5.0000 5.0000
5.0000 5.0000
5.0000 5.0000
5.0000 5.0000
5.0000 5.0000
5.0000 5.0000
5.0000 4.0922
5.0000 5.0000
5.0000 5.0000
5.0000 4.1411
5.0000 5.0000
5.0000 5.0000
5.0000 5.0000
5.0000 5.0000
5.0000 5.0000
5.0000 5.0000
5.0000 5.0000
5.0000 5.0000
5.0000 5.0000
5.0000 3.2118
5.0000 1.2679
5.0000 5.0000
5.0000 5.0000
5.0000 5.0000
5.0000 0.5469
5.0000 5.0000
5.0000 2.2793
5.0000 5.0000
5.0000 5.0000
5.0000 5.0000
5.0000 2.2251
5.0000 5.0000
5.0000 4.2021
0.3000 0.1869
5.0000 5.0000
5.0000 3.5709
5.0000 5.0000
5.0000 5.0000
5.0000 5.0000
5.0000 5.0000
5.0000 5.0000
5.0000 5.0000
5.0000 2.8421
5.0000 1.1535
5.0000 1.5916
5.0000 5.0000
5.0000 5.0000
5.0000 5.0000
1.2000 5.0000
5.0000 5.0000
5.0000 5.0000
5.0000 5.0000
5.0000 5.0000
5.0000 5.0000
5.0000 5.0000
5.0000 5.0000
5.0000 5.0000
5.0000 2.7725
5.0000 0.7994
5.0000 3.6591
5.0000 5.0000
5.0000 5.0000
5.0000 5.0000
5.0000 5.0000
5.0000 4.0422
5.0000 5.0000
5.0000 5.0000
5.0000 1.6881
5.0000 5.0000
5.0000 2.3428
5.0000 5.0000
5.0000 5.0000
5.0000 5.0000
5.0000 5.0000
5.0000 4.4407
5.0000 3.6948
5.0000 1.2982
5.0000 5.0000
5.0000 5.0000
5.0000 5.0000
5.0000 5.0000
5.0000 5.0000
5.0000 5.0000
5.0000 4.9363
5.0000 5.0000
5.0000 5.0000
5.0000 2.0836
5.0000 5.0000
5.0000 5.0000
1.4000 0.7745
5.0000 5.0000
5.0000 5.0000
5.0000 5.0000
5.0000 5.0000
5.0000 5.0000
5.0000 5.0000
5.0000 0.7829
5.0000 5.0000
5.0000 5.0000
5.0000 5.0000
5.0000 5.0000
5.0000 4.6747
5.0000 3.5259
5.0000 5.0000
5.0000 5.0000
0.9000 5.0000
5.0000 5.0000
5.0000 5.0000
5.0000 5.0000
5.0000 3.4575
5.0000 5.0000
5.0000 1.5093
5.0000 5.0000
1.4000 0.7875
5.0000 5.0000
5.0000 5.0000
5.0000 5.0000
5.0000 5.0000
5.0000 1.0259
5.0000 5.0000
1.5000 0.7945
5.0000 5.0000
5.0000 3.4918
1.1000 0.6226
5.0000 5.0000
5.0000 5.0000
5.0000 5.0000
5.0000 5.0000
5.0000 5.0000
5.0000 4.2354
5.0000 5.0000
5.0000 5.0000
5.0000 5.0000
5.0000 5.0000
5.0000 5.0000
5.0000 5.0000
5.0000 5.0000
5.0000 5.0000
5.0000 5.0000
5.0000 3.6163
5.0000 1.2977
5.0000 5.0000
5.0000 5.0000
5.0000 5.0000
5.0000 5.0000
5.0000 5.0000
5.0000 5.0000
5.0000 5.0000
5.0000 4.9111
5.0000 4.9486
5.0000 5.0000
5.0000 5.0000
5.0000 5.0000
5.0000 5.0000
5.0000 5.0000
5.0000 5.0000
5.0000 5.0000
5.0000 5.0000
5.0000 3.4877
5.0000 5.0000
5.0000 5.0000
5.0000 1.6082
5.0000 5.0000
5.0000 5.0000
5.0000 2.7012
5.0000 4.7845
5.0000 5.0000
5.0000 0.9139
5.0000 2.9914
5.0000 5.0000
5.0000 5.0000
5.0000 5.0000
5.0000 4.5193
0.3000 0.0846
5.0000 5.0000
5.0000 5.0000
5.0000 5.0000
5.0000 5.0000
5.0000 5.0000
0.7000 0.3839
5.0000 5.0000
5.0000 5.0000
5.0000 5.0000
5.0000 5.0000
5.0000 5.0000
5.0000 5.0000
5.0000 5.0000
5.0000 5.0000
5.0000 5.0000
5.0000 5.0000
5.0000 5.0000
5.0000 5.0000
5.0000 5.0000
5.0000 1.1602
5.0000 4.3717
5.0000 5.0000
5.0000 3.7519
5.0000 5.0000
5.0000 5.0000
5.0000 5.0000
5.0000 5.0000
5.0000 5.0000
5.0000 1.8549
5.0000 5.0000
5.0000 5.0000
5.0000 5.0000
5.0000 5.0000
5.0000 5.0000
5.0000 5.0000
5.0000 5.0000
5.0000 0.6940
5.0000 2.5510
5.0000 5.0000
5.0000 5.0000
5.0000 5.0000
5.0000 5.0000
5.0000 5.0000
5.0000 4.1947
5.0000 5.0000
1.1000 0.7351
5.0000 5.0000
5.0000 5.0000
5.0000 5.0000
5.0000 4.0518
5.0000 5.0000
5.0000 5.0000
5.0000 5.0000
5.0000 5.0000
5.0000 5.0000
5.0000 2.9272
1.7000 1.2693
5.0000 4.1192
5.0000 5.0000
5.0000 2.8766
5.0000 5.0000
5.0000 5.0000
5.0000 5.0000
5.0000 5.0000
5.0000 5.0000
5.0000 5.0000
5.0000 4.7384
5.0000 5.0000
0.3000 0.0934
5.0000 4.8177
5.0000 3.9608
5.0000 5.0000
5.0000 5.0000
5.0000 5.0000
5.0000 2.8053
5.0000 5.0000
5.0000 2.5482
5.0000 5.0000
5.0000 5.0000
5.0000 5.0000
5.0000 5.0000
5.0000 4.1154
5.0000 4.4620
5.0000 5.0000
5.0000 5.0000
5.0000 5.0000
5.0000 5.0000
5.0000 5.0000
5.0000 5.0000
5.0000 5.0000
5.0000 5.0000
5.0000 5.0000
5.0000 5.0000
5.0000 3.7722
5.0000 5.0000
5.0000 4.5507
5.0000 5.0000
5.0000 5.0000
5.0000 5.0000
3.1000 3.7147
5.0000 1.6865
5.0000 1.6016
5.0000 1.9063
5.0000 5.0000
5.0000 5.0000
5.0000 5.0000
5.0000 5.0000
5.0000 5.0000
5.0000 4.8603
5.0000 4.3909
5.0000 5.0000
5.0000 5.0000
0.9000 0.4125
5.0000 5.0000
5.0000 5.0000
5.0000 3.6564
5.0000 5.0000
5.0000 5.0000
5.0000 5.0000
5.0000 5.0000
5.0000 5.0000
5.0000 4.1483
5.0000 5.0000
5.0000 5.0000
5.0000 5.0000
5.0000 5.0000
5.0000 5.0000
5.0000 3.9772
5.0000 2.1336
5.0000 5.0000
5.0000 5.0000
5.0000 5.0000
5.0000 5.0000
5.0000 3.9459
5.0000 5.0000
5.0000 0.7254
5.0000 5.0000
5.0000 5.0000
5.0000 5.0000
5.0000 5.0000
5.0000 5.0000
5.0000 5.0000
5.0000 5.0000
0.6000 0.4582
5.0000 5.0000
5.0000 5.0000
5.0000 2.5497
5.0000 5.0000
5.0000 5.0000
5.0000 5.0000
5.0000 2.4862
5.0000 4.9998
5.0000 5.0000
5.0000 5.0000
5.0000 0.7768
5.0000 5.0000
5.0000 5.0000
0.8000 0.4785
5.0000 5.0000
5.0000 5.0000
5.0000 5.0000
5.0000 5.0000
5.0000 5.0000
0.6000 0.2957
5.0000 5.0000
5.0000 5.0000
5.0000 5.0000
5.0000 5.0000
5.0000 5.0000
5.0000 5.0000
5.0000 5.0000
5.0000 3.3390
5.0000 1.5185
5.0000 5.0000
5.0000 5.0000
5.0000 5.0000
5.0000 5.0000
5.0000 5.0000
5.0000 5.0000
5.0000 1.5192
5.0000 5.0000
5.0000 5.0000
0.5000 0.3198
5.0000 2.1127
5.0000 5.0000
5.0000 2.7517
5.0000 5.0000
5.0000 5.0000
5.0000 5.0000
5.0000 5.0000
5.0000 2.8361
5.0000 4.9713
5.0000 5.0000
5.0000 5.0000
5.0000 5.0000
5.0000 0.5251
5.0000 2.1146
5.0000 5.0000
5.0000 4.0620
5.0000 1.7187
5.0000 5.0000
5.0000 5.0000
5.0000 5.0000
5.0000 5.0000
5.0000 1.4894
0.4000 0.1141
5.0000 5.0000
5.0000 3.8153
5.0000 5.0000
5.0000 5.0000
5.0000 5.0000
5.0000 5.0000
5.0000 3.4926
5.0000 5.0000
5.0000 5.0000
5.0000 5.0000
5.0000 5.0000
5.0000 5.0000
5.0000 5.0000
5.0000 1.5638
5.0000 5.0000
5.0000 5.0000
5.0000 5.0000
5.0000 5.0000
5.0000 5.0000
5.0000 4.5802
5.0000 5.0000
5.0000 0.5432
5.0000 5.0000
5.0000 5.0000
5.0000 3.5854
5.0000 4.0360
5.0000 3.5131
5.0000 2.0962
5.0000 5.0000
5.0000 4.4348
5.0000 5.0000
5.0000 5.0000
5.0000 5.0000
5.0000 5.0000
5.0000 5.0000
5.0000 5.0000
5.0000 4.7903
5.0000 1.0871
5.0000 5.0000
5.0000 5.0000
5.0000 5.0000
5.0000 5.0000
5.0000 5.0000
5.0000 2.7131
5.0000 5.0000
5.0000 4.4478
5.0000 5.0000
5.0000 2.6220
5.0000 5.0000
5.0000 5.0000
5.0000 1.7867
5.0000 5.0000
5.0000 5.0000
5.0000 5.0000
5.0000 5.0000
5.0000 1.5650
5.0000 3.8016
0.4000 0.2303
5.0000 5.0000
5.0000 5.0000
5.0000 5.0000
5.0000 5.0000
4.1000 5.0000
5.0000 5.0000
5.0000 5.0000
5.0000 5.0000
5.0000 5.0000
5.0000 5.0000
5.0000 3.7354
5.0000 0.5576
5.0000 5.0000
5.0000 5.0000
5.0000 5.0000
5.0000 5.0000
5.0000 5.0000
5.0000 5.0000
5.0000 5.0000
5.0000 5.0000
5.0000 1.3892
5.0000 5.0000
5.0000 5.0000
5.0000 5.0000
5.0000 5.0000
5.0000 5.0000
5.0000 5.0000
5.0000 5.0000
5.0000 5.0000
5.0000 5.0000
5.0000 5.0000
5.0000 5.0000
5.0000 1.7381
5.0000 1.8726
5.0000 2.7859
5.0000 5.0000
5.0000 5.0000
5.0000 5.0000
5.0000 5.0000
5.0000 5.0000
5.0000 5.0000
5.0000 5.0000
5.0000 5.0000
5.0000 5.0000
5.0000 5.0000
5.0000 5.0000
5.0000 5.0000
5.0000 5.0000
5.0000 3.6358
5.0000 5.0000
5.0000 5.0000
5.0000 5.0000
5.0000 5.0000
5.0000 5.0000
5.0000 5.0000
5.0000 5.0000
5.0000 4.9932
5.0000 5.0000
5.0000 1.3840
5.0000 5.0000
5.0000 5.0000
5.0000 5.0000
5.0000 5.0000
5.0000 1.2785
0.6000 0.3347
5.0000 5.0000
1.5000 1.0806
5.0000 5.0000
5.0000 5.0000
5.0000 2.2386
5.0000 5.0000
5.0000 1.3831
0.5000 0.2267
5.0000 5.0000
5.0000 1.8099
5.0000 5.0000
5.0000 5.0000
5.0000 5.0000
1.4000 0.9857
5.0000 2.4893
5.0000 3.4078
5.0000 5.0000
5.0000 5.0000
5.0000 3.8247
5.0000 5.0000
5.0000 5.0000
5.0000 5.0000
5.0000 2.6323
5.0000 2.3810
5.0000 3.4908
5.0000 2.9342
5.0000 5.0000
5.0000 5.0000
5.0000 5.0000
5.0000 3.4307
5.0000 3.5741
5.0000 5.0000
5.0000 5.0000
5.0000 5.0000
5.0000 5.0000
5.0000 5.0000
5.0000 4.0459
5.0000 5.0000
5.0000 5.0000
5.0000 4.2293
5.0000 5.0000
5.0000 5.0000
5.0000 2.9415
5.0000 5.0000
5.0000 5.0000
5.0000 1.9042
5.0000 2.7474
5.0000 5.0000
5.0000 5.0000
5.0000 3.5172
1.2000 0.5416
5.0000 5.0000
5.0000 5.0000
5.0000 5.0000
5.0000 5.0000
5.0000 5.0000
5.0000 5.0000
5.0000 5.0000
5.0000 5.0000
5.0000 5.0000
5.0000 5.0000
5.0000 5.0000
5.0000 5.0000
5.0000 5.0000
5.0000 5.0000
0.7000 0.4700
5.0000 5.0000
5.0000 5.0000
5.0000 5.0000
5.0000 5.0000
5.0000 5.0000
5.0000 3.6400
5.0000 5.0000
5.0000 1.2610
5.0000 5.0000
5.0000 5.0000
5.0000 5.0000
5.0000 1.6907
5.0000 5.0000
5.0000 3.7658
5.0000 5.0000
3.7000 5.0000
5.0000 5.0000
5.0000 0.7433
5.0000 4.1801
3.5000 5.0000
5.0000 5.0000
5.0000 5.0000
5.0000 5.0000
5.0000 5.0000
5.0000 5.0000
5.0000 5.0000
5.0000 4.7344
5.0000 5.0000
5.0000 5.0000
5.0000 5.0000
5.0000 5.0000
5.0000 5.0000
5.0000 5.0000
5.0000 5.0000
5.0000 3.0434
5.0000 2.2495
5.0000 5.0000
5.0000 5.0000
2.1000 5.0000
5.0000 5.0000
5.0000 5.0000
5.0000 5.0000
5.0000 5.0000
5.0000 4.6923
5.0000 3.4786
5.0000 3.7839
5.0000 5.0000
5.0000 5.0000
5.0000 2.5704
5.0000 5.0000
5.0000 4.7615
5.0000 5.0000
5.0000 5.0000
5.0000 5.0000
5.0000 5.0000
1.0000 0.6112
5.0000 5.0000
5.0000 5.0000
5.0000 5.0000
5.0000 3.2757
5.0000 5.0000
5.0000 1.6879
5.0000 3.2140
5.0000 5.0000
5.0000 5.0000
5.0000 5.0000
5.0000 5.0000
5.0000 5.0000
5.0000 3.9567
5.0000 5.0000
5.0000 5.0000
5.0000 5.0000
5.0000 3.5640
5.0000 5.0000
5.0000 2.7628
5.0000 2.0960
5.0000 5.0000
5.0000 2.2372
5.0000 5.0000
5.0000 5.0000
5.0000 5.0000
5.0000 4.2343
5.0000 5.0000
5.0000 0.6101
5.0000 5.0000
5.0000 5.0000
5.0000 3.2421
5.0000 5.0000
5.0000 5.0000
5.0000 1.4239
5.0000 5.0000
5.0000 5.0000
5.0000 2.4464
5.0000 5.0000
5.0000 3.2869
5.0000 4.7323
5.0000 5.0000
5.0000 5.0000
5.0000 5.0000
5.0000 4.5012
5.0000 5.0000
5.0000 5.0000
5.0000 2.8349
5.0000 4.3220
5.0000 5.0000
5.0000 5.0000
5.0000 5.0000
5.0000 5.0000
5.0000 1.7265
5.0000 5.0000
0.4000 0.2292
5.0000 5.0000
5.0000 5.0000
5.0000 2.0094
5.0000 5.0000
5.0000 1.5230
5.0000 1.7966
5.0000 5.0000
5.0000 5.0000
5.0000 5.0000
5.0000 5.0000
5.0000 5.0000
5.0000 5.0000
5.0000 4.1951
5.0000 5.0000
5.0000 4.5257
0.7000 0.4697
5.0000 5.0000
5.0000 5.0000
5.0000 5.0000
5.0000 5.0000
5.0000 5.0000
5.0000 2.6640
5.0000 3.0081
5.0000 5.0000
0.8000 0.4244
5.0000 2.7255
5.0000 2.0847
5.0000 5.0000
5.0000 5.0000
5.0000 5.0000
5.0000 5.0000
5.0000 3.6168
5.0000 5.0000
5.0000 2.1724
0.5000 0.2361
5.0000 5.0000
5.0000 5.0000
5.0000 5.0000
5.0000 5.0000
5.0000 5.0000
5.0000 5.0000
5.0000 5.0000
5.0000 5.0000
5.0000 5.0000
5.0000 4.3699
5.0000 5.0000
5.0000 3.2282
5.0000 5.0000
5.0000 5.0000
5.0000 5.0000
5.0000 4.1806
5.0000 5.0000
5.0000 5.0000
5.0000 4.0864
5.0000 5.0000
5.0000 5.0000
5.0000 5.0000
5.0000 5.0000
5.0000 5.0000
5.0000 5.0000
5.0000 5.0000
5.0000 5.0000
5.0000 5.0000
5.0000 5.0000
5.0000 5.0000
5.0000 5.0000
5.0000 5.0000
5.0000 5.0000
5.0000 5.0000
5.0000 5.0000
5.0000 5.0000
5.0000 5.0000
5.0000 5.0000
5.0000 5.0000
5.0000 5.0000
5.0000 5.0000
5.0000 5.0000
5.0000 5.0000
5.0000 5.0000
5.0000 5.0000
5.0000 5.0000
5.0000 5.0000
5.0000 2.0080
5.0000 5.0000
5.0000 5.0000
5.0000 5.0000
5.0000 3.7129
5.0000 5.0000
5.0000 5.0000
5.0000 5.0000
5.0000 5.0000
5.0000 5.0000
5.0000 5.0000
5.0000 5.0000
5.0000 5.0000
5.0000 5.0000
5.0000 5.0000
0.6000 0.2523
5.0000 1.3745
5.0000 5.0000
5.0000 0.9863
5.0000 5.0000
5.0000 5.0000
5.0000 5.0000
5.0000 5.0000
5.0000 5.0000
5.0000 5.0000
5.0000 3.3260
5.0000 5.0000
5.0000 5.0000
5.0000 5.0000
5.0000 5.0000
5.0000 5.0000
5.0000 5.0000
5.0000 5.0000
5.0000 5.0000
5.0000 5.0000
0.2000 0.0503
5.0000 5.0000
5.0000 5.0000
5.0000 5.0000
5.0000 5.0000
5.0000 5.0000
5.0000 5.0000
5.0000 5.0000
5.0000 3.0086
5.0000 1.1514
5.0000 5.0000
5.0000 5.0000
5.0000 5.0000
5.0000 5.0000
5.0000 3.3811
5.0000 5.0000
5.0000 5.0000
5.0000 5.0000
5.0000 5.0000
5.0000 4.7433
5.0000 3.0079
5.0000 4.3492
5.0000 3.2971
5.0000 3.8667
5.0000 5.0000
5.0000 0.6503
5.0000 5.0000
5.0000 3.3832
5.0000 4.3914
5.0000 2.7604
5.0000 5.0000
5.0000 2.4457
5.0000 5.0000
5.0000 0.8653
5.0000 4.8074
0.9000 0.5492
5.0000 5.0000
5.0000 5.0000
5.0000 5.0000
5.0000 5.0000
5.0000 5.0000
5.0000 5.0000
5.0000 5.0000
5.0000 5.0000
5.0000 5.0000
0.9000 0.6688
5.0000 5.0000
5.0000 5.0000
0.3000 0.0653
5.0000 5.0000
1.1000 0.6786
5.0000 5.0000
5.0000 3.4804
5.0000 5.0000
5.0000 5.0000
5.0000 5.0000
5.0000 5.0000
5.0000 5.0000
5.0000 5.0000
5.0000 5.0000
5.0000 2.1807
5.0000 5.0000
5.0000 5.0000
5.0000 5.0000
5.0000 5.0000
5.0000 5.0000
5.0000 5.0000
5.0000 1.4523
5.0000 5.0000
5.0000 5.0000
5.0000 5.0000
1.4000 5.0000
0.6000 0.2674
5.0000 0.5529
5.0000 5.0000
5.0000 5.0000
5.0000 5.0000
5.0000 2.8266
5.0000 2.4789
5.0000 5.0000
5.0000 5.0000
5.0000 1.1088
5.0000 2.2951
5.0000 5.0000
5.0000 5.0000
5.0000 5.0000
1.0000 0.5969
5.0000 5.0000
5.0000 1.5068
5.0000 5.0000
5.0000 5.0000
5.0000 5.0000
5.0000 4.0805
5.0000 5.0000
0.3000 0.1253
5.0000 5.0000
5.0000 5.0000
5.0000 5.0000
5.0000 5.0000
5.0000 1.6889
5.0000 5.0000
5.0000 5.0000
5.0000 5.0000
5.0000 1.3374
5.0000 5.0000
5.0000 5.0000
5.0000 5.0000
5.0000 5.0000
5.0000 5.0000
5.0000 4.7439
5.0000 5.0000
5.0000 5.0000
5.0000 3.5163
5.0000 3.1345
5.0000 5.0000
5.0000 4.2079
5.0000 5.0000
5.0000 0.8534
5.0000 5.0000
5.0000 5.0000
5.0000 5.0000
5.0000 5.0000
5.0000 5.0000
5.0000 5.0000
5.0000 5.0000
5.0000 5.0000
5.0000 1.0254
5.0000 5.0000
5.0000 5.0000
5.0000 5.0000
5.0000 5.0000
5.0000 1.6243
5.0000 5.0000
5.0000 5.0000
0.6000 1.8930
5.0000 5.0000
5.0000 5.0000
5.0000 5.0000
5.0000 2.7255
5.0000 5.0000
5.0000 5.0000
5.0000 5.0000
5.0000 5.0000
1.3000 0.6243
5.0000 5.0000
5.0000 5.0000
5.0000 2.1277
5.0000 5.0000
5.0000 0.8088
5.0000 5.0000
5.0000 5.0000
5.0000 5.0000
5.0000 5.0000
5.0000 5.0000
5.0000 2.8884
5.0000 5.0000
5.0000 5.0000
1.4000 0.7428
5.0000 4.4312
5.0000 5.0000
5.0000 5.0000
5.0000 5.0000
5.0000 5.0000
5.0000 5.0000
5.0000 0.8269
5.0000 4.8235
5.0000 5.0000
5.0000 1.2178
5.0000 3.5435
5.0000 5.0000
5.0000 5.0000
5.0000 5.0000
5.0000 5.0000
5.0000 5.0000
5.0000 5.0000
5.0000 5.0000
5.0000 5.0000
1.5000 5.0000
5.0000 5.0000
5.0000 5.0000
5.0000 5.0000
5.0000 5.0000
5.0000 5.0000
5.0000 5.0000
5.0000 5.0000
5.0000 5.0000
5.0000 5.0000
5.0000 5.0000
5.0000 0.7912
5.0000 5.0000
5.0000 2.2525
5.0000 5.0000
5.0000 5.0000
5.0000 5.0000
5.0000 5.0000
5.0000 5.0000
5.0000 5.0000
5.0000 4.4368
5.0000 5.0000
5.0000 5.0000
5.0000 5.0000
5.0000 5.0000
5.0000 4.7850
5.0000 5.0000
5.0000 4.0772
5.0000 5.0000
5.0000 5.0000
5.0000 0.5007
5.0000 5.0000
5.0000 4.8811
5.0000 5.0000
5.0000 3.9830
5.0000 5.0000
5.0000 4.8156
5.0000 5.0000
5.0000 5.0000
5.0000 5.0000
5.0000 4.6704
5.0000 5.0000
5.0000 1.5350
5.0000 4.1948
5.0000 5.0000
5.0000 5.0000
5.0000 5.0000
5.0000 5.0000
5.0000 5.0000
5.0000 5.0000
5.0000 5.0000
1.6000 0.6397
5.0000 1.0565
5.0000 5.0000
5.0000 3.0569
5.0000 0.5100
5.0000 0.7854
5.0000 5.0000
5.0000 2.8578
0.8000 0.3556
5.0000 5.0000
5.0000 5.0000
5.0000 5.0000
5.0000 1.2383
5.0000 5.0000
5.0000 5.0000
5.0000 5.0000
5.0000 5.0000
5.0000 4.7429
5.0000 3.8684
5.0000 1.8383
5.0000 5.0000
5.0000 3.1605
5.0000 2.7900
5.0000 5.0000
5.0000 2.2855
5.0000 1.9633
5.0000 5.0000
5.0000 5.0000
5.0000 3.7034
5.0000 2.5707
5.0000 5.0000
5.0000 2.9297
5.0000 5.0000
5.0000 5.0000
5.0000 5.0000
5.0000 5.0000
5.0000 5.0000
5.0000 3.2783
5.0000 5.0000
5.0000 5.0000
5.0000 5.0000
5.0000 5.0000
5.0000 5.0000
5.0000 2.0823
5.0000 5.0000
5.0000 3.2819
5.0000 4.4978
5.0000 5.0000
5.0000 5.0000
5.0000 5.0000
5.0000 1.3031
5.0000 3.1952
5.0000 5.0000
5.0000 3.8403
5.0000 5.0000
5.0000 2.7222
5.0000 5.0000
5.0000 2.7821
5.0000 5.0000
5.0000 5.0000
0.2000 0.0000
5.0000 5.0000
5.0000 4.9177
5.0000 2.3332
5.0000 5.0000
5.0000 5.0000
5.0000 3.7775
5.0000 5.0000
5.0000 5.0000
5.0000 5.0000
5.0000 1.9335
5.0000 5.0000
5.0000 2.1207
5.0000 5.0000
5.0000 5.0000
5.0000 5.0000
5.0000 5.0000
5.0000 5.0000
5.0000 5.0000
5.0000 4.5667
5.0000 5.0000
5.0000 1.6603
5.0000 5.0000
5.0000 1.5526
5.0000 5.0000
5.0000 2.5389
5.0000 5.0000
5.0000 3.6050
5.0000 5.0000
5.0000 5.0000
5.0000 5.0000
5.0000 3.6581
5.0000 5.0000
5.0000 5.0000
5.0000 5.0000
5.0000 5.0000
5.0000 5.0000
5.0000 5.0000
5.0000 5.0000
5.0000 5.0000
5.0000 5.0000
5.0000 5.0000
5.0000 5.0000
5.0000 5.0000
5.0000 5.0000
5.0000 5.0000
5.0000 5.0000
5.0000 1.9738
5.0000 5.0000
5.0000 5.0000
5.0000 5.0000
5.0000 5.0000
0.8000 0.4514
5.0000 5.0000
5.0000 5.0000
5.0000 5.0000
5.0000 5.0000
5.0000 5.0000
5.0000 4.8595
5.0000 5.0000
5.0000 2.0832
5.0000 5.0000
5.0000 5.0000
5.0000 5.0000
5.0000 5.0000
5.0000 5.0000
5.0000 2.6656
0.3000 0.1340
5.0000 5.0000
5.0000 5.0000
5.0000 5.0000
5.0000 5.0000
5.0000 4.6988
5.0000 4.5448
5.0000 2.7806
5.0000 5.0000
5.0000 4.3220
5.0000 5.0000
5.0000 5.0000
5.0000 5.0000
5.0000 5.0000
5.0000 5.0000
5.0000 5.0000
