5.00 2.50
5.00 3.00
5.00 5.00
5.00 3.50
5.00 2.50
5.00 3.00
5.00 0.50
5.00 5.00
5.00 5.00
5.00 2.50
5.00 2.50
5.00 5.00
5.00 4.00
5.00 2.50
5.00 5.00
5.00 5.00
5.00 5.00
5.00 2.00
5.00 4.00
5.00 2.50
5.00 3.00
0.10 0.00
5.00 3.00
5.00 5.00
5.00 2.00
5.00 5.00
5.00 3.00
5.00 2.50
5.00 2.50
5.00 4.00
5.00 2.00
0.20 0.00
5.00 5.00
5.00 3.00
5.00 3.50
5.00 5.00
5.00 4.00
5.00 4.00
5.00 2.00
5.00 5.00
5.00 5.00
5.00 5.00
5.00 5.00
5.00 5.00
5.00 5.00
5.00 5.00
5.00 5.00
5.00 5.00
5.00 2.00
5.00 4.00
5.00 5.00
5.00 5.00
5.00 0.50
5.00 4.00
5.00 2.00
5.00 2.50
5.00 5.00
5.00 4.50
5.00 5.00
0.40 0.00
5.00 5.00
5.00 3.00
5.00 1.50
5.00 1.00
5.00 4.50
5.00 3.00
5.00 3.50
5.00 3.00
5.00 5.00
5.00 2.00
5.00 2.50
5.00 5.00
5.00 3.00
5.00 3.50
5.00 5.00
5.00 5.00
5.00 5.00
5.00 4.00
5.00 2.00
5.00 1.00
5.00 5.00
5.00 4.50
5.00 4.50
5.00 3.00
0.70 0.00
5.00 4.00
5.00 5.00
5.00 1.00
5.00 5.00
5.00 2.50
5.00 2.50
5.00 2.50
5.00 4.00
5.00 5.00
5.00 5.00
1.80 1.00
5.00 4.50
5.00 5.00
5.00 2.00
5.00 5.00
5.00 5.00
1.40 1.00
5.00 3.50
5.00 4.50
5.00 2.50
5.00 5.00
5.00 4.50
5.00 1.50
5.00 1.00
5.00 5.00
5.00 5.00
5.00 1.50
5.00 4.50
5.00 2.00
5.00 5.00
5.00 4.50
5.00 5.00
5.00 4.50
5.00 5.00
5.00 5.00
5.00 5.00
5.00 4.00
5.00 3.50
5.00 4.50
5.00 3.00
5.00 2.00
5.00 4.50
5.00 3.50
5.00 3.00
5.00 3.50
5.00 5.00
5.00 2.50
5.00 2.00
5.00 5.00
5.00 3.50
5.00 3.50
5.00 5.00
5.00 5.00
5.00 5.00
5.00 1.00
5.00 4.00
5.00 5.00
5.00 3.50
5.00 5.00
5.00 4.50
5.00 1.50
5.00 4.50
5.00 4.50
5.00 3.00
5.00 3.50
5.00 0.00
5.00 5.00
5.00 2.50
5.00 3.50
5.00 1.00
5.00 3.50
5.00 4.50
0.90 0.50
0.10 0.00
5.00 2.00
5.00 5.00
5.00 3.50
5.00 2.00
5.00 4.00
5.00 5.00
5.00 5.00
5.00 2.50
5.00 4.00
5.00 5.00
5.00 4.50
5.00 4.00
5.00 4.00
5.00 4.50
5.00 5.00
5.00 5.00
5.00 5.00
5.00 0.50
5.00 5.00
5.00 5.00
5.00 5.00
5.00 2.00
5.00 1.00
5.00 5.00
5.00 3.00
5.00 5.00
5.00 5.00
5.00 5.00
5.00 3.00
5.00 5.00
5.00 2.00
5.00 1.00
5.00 4.00
5.00 4.00
5.00 5.00
5.00 5.00
5.00 5.00
5.00 4.00
5.00 4.00
5.00 5.00
5.00 4.00
1.40 0.50
5.00 5.00
5.00 4.00
5.00 5.00
5.00 5.00
5.00 5.00
5.00 5.00
5.00 2.00
5.00 5.00
5.00 5.00
5.00 4.50
5.00 3.00
5.00 5.00
5.00 3.00
5.00 5.00
5.00 4.50
5.00 5.00
5.00 5.00
5.00 2.00
5.00 2.00
5.00 4.50
5.00 3.50
5.00 5.00
5.00 5.00
5.00 1.50
5.00 5.00
5.00 5.00
0.10 0.00
5.00 5.00
5.00 4.00
5.00 2.50
5.00 4.50
5.00 3.50
5.00 0.50
0.30 0.00
5.00 5.00
5.00 4.50
5.00 1.50
5.00 3.00
5.00 4.00
5.00 3.50
5.00 2.50
5.00 5.00
0.70 0.00
5.00 5.00
0.10 0.00
5.00 4.50
5.00 4.50
5.00 5.00
5.00 4.50
5.00 5.00
5.00 5.00
5.00 4.00
5.00 2.00
5.00 5.00
5.00 4.00
5.00 5.00
5.00 5.00
5.00 5.00
5.00 3.00
5.00 5.00
5.00 4.50
5.00 5.00
5.00 5.00
5.00 4.50
5.00 4.00
5.00 3.00
5.00 3.50
5.00 5.00
5.00 3.00
5.00 3.00
5.00 5.00
5.00 5.00
5.00 3.00
5.00 5.00
5.00 5.00
5.00 1.50
5.00 4.50
5.00 5.00
5.00 2.50
5.00 0.50
5.00 5.00
5.00 3.50
5.00 3.50
5.00 2.50
5.00 3.50
5.00 5.00
5.00 5.00
5.00 3.00
5.00 4.00
5.00 2.00
5.00 5.00
5.00 4.00
5.00 5.00
5.00 4.50
5.00 2.50
5.00 2.50
5.00 4.50
5.00 5.00
5.00 4.00
5.00 4.00
5.00 5.00
5.00 5.00
5.00 3.50
5.00 0.00
5.00 2.50
5.00 5.00
5.00 5.00
5.00 4.50
5.00 2.50
5.00 1.50
5.00 4.50
5.00 4.50
5.00 3.00
5.00 5.00
5.00 3.50
5.00 5.00
5.00 3.50
5.00 5.00
5.00 5.00
5.00 5.00
5.00 4.50
5.00 5.00
5.00 5.00
5.00 5.00
5.00 3.00
5.00 4.00
5.00 3.00
5.00 4.50
5.00 4.00
5.00 3.50
5.00 4.50
2.70 2.00
5.00 3.00
5.00 5.00
5.00 5.00
5.00 2.50
5.00 2.50
5.00 1.50
5.00 3.50
5.00 4.00
5.00 3.50
5.00 5.00
5.00 5.00
5.00 5.00
5.00 5.00
0.50 0.00
5.00 4.50
5.00 5.00
5.00 5.00
5.00 2.50
5.00 5.00
5.00 5.00
5.00 0.50
5.00 5.00
5.00 4.50
5.00 5.00
5.00 4.50
5.00 5.00
5.00 5.00
5.00 5.00
5.00 2.50
5.00 3.50
5.00 4.00
5.00 5.00
5.00 3.00
5.00 5.00
5.00 3.00
0.20 0.00
5.00 5.00
5.00 4.50
5.00 5.00
5.00 4.00
5.00 3.50
5.00 5.00
5.00 2.50
5.00 5.00
5.00 3.50
5.00 2.50
5.00 4.00
5.00 5.00
5.00 2.00
5.00 4.50
5.00 5.00
5.00 2.50
5.00 2.50
5.00 2.50
5.00 2.50
0.40 0.00
5.00 1.50
5.00 5.00
5.00 4.50
5.00 5.00
5.00 5.00
1.30 1.00
5.00 4.50
5.00 5.00
5.00 1.00
5.00 5.00
5.00 5.00
5.00 4.50
5.00 0.50
5.00 4.00
5.00 5.00
5.00 5.00
5.00 4.00
5.00 2.50
5.00 1.50
5.00 5.00
5.00 3.50
5.00 3.50
5.00 5.00
5.00 5.00
5.00 1.50
5.00 4.50
5.00 5.00
5.00 5.00
5.00 2.50
5.00 5.00
5.00 5.00
5.00 3.00
5.00 4.00
5.00 5.00
5.00 5.00
5.00 5.00
5.00 4.00
5.00 5.00
5.00 5.00
5.00 1.00
5.00 3.00
5.00 3.50
5.00 5.00
5.00 4.50
5.00 5.00
5.00 3.00
5.00 5.00
5.00 5.00
5.00 5.00
5.00 1.50
5.00 5.00
5.00 5.00
5.00 5.00
5.00 3.50
5.00 5.00
5.00 5.00
5.00 3.00
0.10 0.00
5.00 1.00
5.00 5.00
5.00 1.00
5.00 4.50
0.30 0.00
5.00 5.00
5.00 5.00
5.00 5.00
5.00 5.00
5.00 2.00
5.00 5.00
5.00 1.50
5.00 5.00
5.00 5.00
5.00 4.00
5.00 5.00
5.00 2.50
5.00 5.00
5.00 4.50
5.00 5.00
5.00 4.50
5.00 5.00
5.00 5.00
5.00 5.00
5.00 5.00
5.00 5.00
5.00 3.50
5.00 4.00
5.00 4.00
5.00 5.00
5.00 5.00
5.00 2.50
5.00 5.00
5.00 4.50
5.00 5.00
5.00 5.00
5.00 5.00
5.00 5.00
5.00 1.00
1.40 0.50
5.00 4.00
5.00 3.50
5.00 5.00
5.00 0.50
5.00 5.00
5.00 3.00
5.00 2.00
5.00 3.50
5.00 5.00
5.00 5.00
5.00 4.00
5.00 5.00
5.00 4.50
5.00 5.00
5.00 5.00
5.00 1.50
0.40 0.00
5.00 2.50
5.00 3.50
5.00 3.50
5.00 5.00
5.00 4.00
5.00 5.00
5.00 2.00
5.00 4.00
5.00 5.00
5.00 2.50
5.00 2.00
5.00 4.00
5.00 3.50
5.00 5.00
5.00 2.00
5.00 3.00
5.00 2.50
5.00 4.50
5.00 0.00
5.00 4.50
5.00 5.00
5.00 5.00
5.00 4.00
5.00 5.00
5.00 2.00
5.00 4.00
5.00 4.50
5.00 2.00
5.00 5.00
5.00 5.00
5.00 5.00
5.00 3.50
5.00 4.00
5.00 5.00
5.00 5.00
5.00 3.00
5.00 5.00
5.00 2.50
5.00 2.00
5.00 2.50
5.00 0.50
5.00 3.00
5.00 5.00
5.00 5.00
5.00 5.00
5.00 3.50
5.00 5.00
5.00 3.00
5.00 1.50
5.00 5.00
5.00 4.50
0.40 0.00
5.00 4.50
5.00 5.00
5.00 5.00
5.00 4.50
5.00 5.00
5.00 5.00
5.00 4.50
5.00 3.00
0.80 0.00
5.00 3.00
5.00 1.00
5.00 4.00
5.00 1.00
5.00 4.00
5.00 4.00
5.00 5.00
5.00 4.00
5.00 5.00
5.00 2.50
5.00 5.00
5.00 5.00
0.50 0.00
5.00 5.00
5.00 5.00
5.00 5.00
5.00 5.00
5.00 4.50
5.00 5.00
5.00 5.00
5.00 2.00
5.00 4.50
5.00 5.00
5.00 5.00
5.00 3.50
5.00 5.00
5.00 5.00
5.00 4.50
5.00 3.50
5.00 2.50
5.00 5.00
4.90 3.00
5.00 5.00
5.00 2.50
5.00 5.00
5.00 4.00
5.00 4.50
5.00 5.00
5.00 5.00
5.00 5.00
5.00 4.50
0.50 0.00
5.00 2.00
5.00 4.50
5.00 5.00
5.00 4.50
5.00 5.00
5.00 5.00
5.00 2.00
5.00 4.00
5.00 2.00
5.00 5.00
5.00 2.00
5.00 4.00
5.00 3.50
5.00 5.00
5.00 2.50
5.00 5.00
5.00 3.50
5.00 5.00
5.00 5.00
5.00 5.00
5.00 3.00
5.00 5.00
5.00 4.50
5.00 3.50
5.00 3.50
5.00 5.00
5.00 3.50
5.00 3.00
5.00 4.00
5.00 4.00
5.00 4.00
5.00 0.50
5.00 5.00
5.00 5.00
5.00 1.00
5.00 5.00
5.00 5.00
5.00 1.00
5.00 0.00
5.00 5.00
5.00 5.00
5.00 4.50
5.00 0.00
5.00 5.00
5.00 4.00
5.00 2.00
5.00 4.50
5.00 5.00
5.00 1.50
5.00 5.00
5.00 3.00
5.00 4.00
5.00 2.00
5.00 1.00
5.00 5.00
5.00 2.50
5.00 1.00
5.00 2.50
5.00 2.50
5.00 2.50
5.00 4.50
5.00 5.00
5.00 5.00
5.00 5.00
5.00 5.00
5.00 1.00
5.00 1.00
5.00 4.50
5.00 5.00
5.00 4.50
5.00 5.00
5.00 4.00
5.00 5.00
5.00 2.50
5.00 5.00
5.00 5.00
5.00 5.00
5.00 3.00
5.00 4.00
5.00 2.00
5.00 2.50
5.00 5.00
5.00 5.00
5.00 1.50
5.00 5.00
5.00 2.00
5.00 5.00
5.00 5.00
5.00 5.00
5.00 4.00
5.00 1.50
5.00 4.00
5.00 2.50
5.00 5.00
5.00 3.00
1.40 4.50
5.00 5.00
5.00 4.00
5.00 5.00
1.60 1.00
5.00 5.00
5.00 2.50
5.00 2.00
1.50 0.50
5.00 3.00
5.00 2.00
5.00 4.50
5.00 4.50
5.00 5.00
5.00 4.50
5.00 5.00
5.00 5.00
5.00 1.00
5.00 1.50
5.00 5.00
5.00 5.00
5.00 4.00
5.00 4.50
5.00 5.00
5.00 5.00
5.00 1.00
5.00 4.50
5.00 5.00
5.00 5.00
5.00 2.00
5.00 5.00
5.00 4.50
5.00 4.00
5.00 5.00
5.00 5.00
5.00 4.50
5.00 5.00
5.00 4.50
5.00 1.50
5.00 2.50
5.00 5.00
5.00 4.50
5.00 2.00
5.00 2.00
5.00 5.00
5.00 5.00
5.00 4.00
5.00 5.00
5.00 5.00
5.00 5.00
5.00 4.50
2.50 2.50
5.00 5.00
5.00 5.00
0.80 0.00
5.00 2.50
5.00 3.00
5.00 4.00
5.00 1.00
5.00 5.00
5.00 5.00
5.00 4.50
5.00 5.00
5.00 5.00
5.00 4.50
5.00 5.00
5.00 5.00
5.00 4.00
5.00 5.00
5.00 5.00
5.00 3.00
5.00 5.00
5.00 4.00
5.00 3.50
5.00 4.00
5.00 0.50
5.00 5.00
5.00 5.00
5.00 4.00
5.00 4.00
5.00 4.00
5.00 4.00
5.00 4.50
5.00 2.50
5.00 5.00
5.00 5.00
5.00 5.00
5.00 5.00
5.00 5.00
5.00 3.00
5.00 5.00
5.00 2.00
5.00 1.00
5.00 3.50
5.00 5.00
5.00 4.00
5.00 4.00
5.00 4.00
5.00 3.50
5.00 5.00
5.00 4.00
5.00 1.50
5.00 5.00
5.00 5.00
5.00 4.00
5.00 5.00
5.00 1.50
5.00 0.00
5.00 4.50
5.00 2.00
5.00 4.00
5.00 5.00
5.00 4.00
5.00 5.00
5.00 5.00
5.00 5.00
5.00 2.00
5.00 3.00
5.00 5.00
5.00 5.00
5.00 1.50
5.00 4.00
5.00 4.00
5.00 5.00
5.00 4.50
0.90 0.50
5.00 2.50
5.00 2.50
5.00 2.00
5.00 4.50
5.00 5.00
5.00 5.00
5.00 3.50
5.00 5.00
5.00 1.50
5.00 5.00
5.00 5.00
5.00 5.00
5.00 4.00
5.00 3.00
5.00 1.00
5.00 4.50
5.00 1.00
5.00 5.00
5.00 5.00
5.00 4.50
5.00 5.00
5.00 3.50
5.00 1.00
5.00 4.00
5.00 1.50
5.00 5.00
5.00 4.00
5.00 4.00
5.00 5.00
5.00 5.00
5.00 2.00
5.00 4.00
5.00 5.00
5.00 5.00
5.00 5.00
5.00 1.50
5.00 3.00
5.00 5.00
5.00 4.50
5.00 2.00
5.00 1.50
5.00 5.00
5.00 5.00
5.00 5.00
5.00 3.00
5.00 4.50
5.00 5.00
5.00 0.50
5.00 2.50
5.00 4.00
5.00 5.00
5.00 3.50
5.00 2.50
5.00 5.00
5.00 5.00
5.00 2.00
5.00 4.50
5.00 4.50
5.00 5.00
5.00 0.00
5.00 5.00
5.00 4.50
5.00 5.00
5.00 5.00
5.00 4.00
5.00 5.00
5.00 5.00
5.00 2.50
5.00 5.00
2.60 2.00
5.00 5.00
5.00 5.00
5.00 5.00
5.00 4.50
5.00 1.50
5.00 5.00
5.00 2.50
5.00 5.00
5.00 4.50
5.00 5.00
5.00 5.00
5.00 4.50
5.00 3.00
5.00 3.00
5.00 5.00
5.00 4.50
5.00 4.00
5.00 5.00
5.00 4.50
5.00 3.50
5.00 5.00
5.00 5.00
5.00 3.00
5.00 5.00
5.00 3.00
5.00 1.00
5.00 2.00
5.00 5.00
5.00 3.50
5.00 5.00
5.00 3.00
5.00 5.00
5.00 2.00
5.00 5.00
5.00 5.00
5.00 5.00
5.00 2.00
5.00 5.00
5.00 5.00
5.00 1.00
5.00 1.50
5.00 2.00
5.00 4.00
5.00 5.00
5.00 3.00
5.00 2.00
5.00 4.00
5.00 5.00
5.00 5.00
0.00 0.00
5.00 5.00
5.00 5.00
5.00 5.00
5.00 2.50
5.00 3.50
5.00 3.50
0.70 0.00
5.00 3.00
3.10 3.00
1.00 0.50
5.00 5.00
5.00 1.50
5.00 5.00
5.00 5.00
5.00 1.50
5.00 4.50
5.00 5.00
5.00 4.50
5.00 3.50
5.00 3.00
5.00 4.00
5.00 5.00
5.00 1.50
5.00 2.00
5.00 5.00
5.00 5.00
5.00 5.00
5.00 2.00
5.00 5.00
5.00 5.00
5.00 4.00
5.00 3.50
5.00 4.50
5.00 5.00
5.00 5.00
5.00 5.00
5.00 3.00
5.00 5.00
5.00 4.00
5.00 3.50
5.00 4.50
5.00 4.50
5.00 3.00
5.00 1.00
5.00 5.00
5.00 2.00
5.00 4.00
5.00 4.00
5.00 3.00
5.00 3.00
5.00 3.50
5.00 4.00
5.00 2.50
5.00 4.00
5.00 4.50
5.00 4.00
5.00 5.00
5.00 5.00
5.00 2.50
5.00 5.00
5.00 2.00
5.00 5.00
5.00 2.50
5.00 5.00
5.00 5.00
5.00 3.50
5.00 4.50
5.00 5.00
5.00 5.00
5.00 2.00
5.00 5.00
5.00 1.00
5.00 5.00
5.00 4.50
5.00 3.50
5.00 3.50
5.00 5.00
5.00 4.50
5.00 4.50
5.00 5.00
5.00 5.00
5.00 5.00
5.00 4.50
5.00 4.50
5.00 1.50
5.00 5.00
5.00 1.50
5.00 4.00
5.00 3.50
5.00 5.00
5.00 2.00
5.00 4.50
5.00 2.50
5.00 3.00
5.00 2.50
5.00 3.00
5.00 5.00
5.00 4.00
5.00 5.00
5.00 5.00
5.00 5.00
5.00 2.00
5.00 5.00
5.00 3.00
5.00 5.00
5.00 4.00
5.00 2.00
5.00 5.00
5.00 1.00
5.00 4.00
5.00 5.00
5.00 5.00
5.00 5.00
5.00 5.00
5.00 4.00
0.90 0.00
5.00 5.00
0.60 0.00
5.00 5.00
2.30 1.00
5.00 4.00
5.00 5.00
5.00 2.00
5.00 5.00
5.00 5.00
5.00 4.50
5.00 5.00
5.00 5.00
5.00 5.00
5.00 1.50
5.00 4.50
5.00 3.50
5.00 4.50
5.00 3.50
0.20 0.00
5.00 5.00
5.00 4.00
5.00 5.00
5.00 4.50
5.00 1.50
5.00 4.00
5.00 4.00
5.00 5.00
5.00 4.00
5.00 1.00
5.00 2.50
5.00 1.50
5.00 5.00
5.00 5.00
0.30 0.00
5.00 2.50
5.00 3.00
5.00 3.50
5.00 1.50
5.00 5.00
5.00 3.00
5.00 5.00
5.00 2.50
5.00 4.00
5.00 3.50
5.00 5.00
5.00 5.00
5.00 2.00
5.00 2.00
5.00 5.00
5.00 4.50
5.00 3.00
5.00 5.00
0.50 0.00
5.00 1.50
0.60 0.00
5.00 5.00
5.00 4.00
5.00 4.50
5.00 5.00
5.00 3.00
5.00 2.00
5.00 5.00
5.00 5.00
5.00 2.00
5.00 5.00
5.00 4.00
5.00 1.50
5.00 2.00
5.00 5.00
5.00 4.50
5.00 1.00
5.00 5.00
5.00 4.00
5.00 5.00
5.00 5.00
5.00 5.00
5.00 4.50
5.00 0.50
5.00 3.50
5.00 5.00
5.00 1.50
5.00 3.00
5.00 1.00
5.00 0.50
5.00 5.00
5.00 5.00
5.00 2.00
5.00 4.00
5.00 4.50
5.00 5.00
5.00 5.00
5.00 4.00
5.00 3.50
5.00 5.00
5.00 5.00
5.00 4.00
5.00 4.00
5.00 2.50
5.00 4.00
5.00 3.50
5.00 5.00
5.00 4.50
5.00 2.50
5.00 5.00
5.00 5.00
5.00 5.00
5.00 3.00
5.00 5.00
5.00 1.50
5.00 3.50
5.00 4.00
5.00 5.00
1.80 1.00
5.00 5.00
5.00 5.00
5.00 5.00
5.00 5.00
5.00 5.00
5.00 5.00
5.00 0.00
5.00 4.50
5.00 3.00
5.00 5.00
5.00 5.00
5.00 3.00
5.00 1.50
5.00 4.50
5.00 5.00
5.00 3.50
5.00 5.00
5.00 5.00
5.00 5.00
5.00 1.50
5.00 3.50
5.00 4.50
5.00 5.00
5.00 4.00
5.00 4.00
5.00 5.00
5.00 0.50
5.00 1.50
5.00 5.00
5.00 4.00
5.00 2.00
5.00 0.50
5.00 1.50
5.00 3.50
5.00 5.00
5.00 5.00
5.00 1.50
5.00 4.50
5.00 2.00
5.00 3.50
5.00 3.50
5.00 2.00
0.10 0.00
5.00 2.00
5.00 5.00
5.00 4.50
5.00 3.00
5.00 5.00
1.70 0.50
5.00 3.50
5.00 2.00
5.00 2.50
0.90 0.50
5.00 3.50
5.00 4.00
5.00 3.50
5.00 5.00
5.00 4.50
5.00 4.50
5.00 3.50
5.00 3.00
5.00 0.50
5.00 5.00
5.00 5.00
5.00 5.00
5.00 2.50
5.00 4.50
5.00 4.00
5.00 4.00
5.00 3.50
5.00 5.00
5.00 4.00
5.00 5.00
5.00 4.50
5.00 5.00
5.00 2.00
5.00 2.00
5.00 2.00
5.00 4.50
5.00 1.50
5.00 5.00
5.00 2.50
5.00 3.00
5.00 5.00
5.00 3.50
5.00 5.00
5.00 5.00
5.00 4.00
5.00 5.00
5.00 3.50
5.00 5.00
1.40 1.00
5.00 2.50
2.30 2.00
5.00 1.00
5.00 5.00
5.00 5.00
5.00 1.00
5.00 2.50
5.00 3.00
5.00 1.00
5.00 5.00
5.00 4.00
5.00 5.00
5.00 5.00
5.00 5.00
5.00 5.00
5.00 3.50
5.00 5.00
5.00 3.00
5.00 5.00
5.00 4.50
5.00 3.00
5.00 2.50
5.00 4.00
5.00 3.50
5.00 5.00
5.00 3.50
5.00 1.50
5.00 4.00
5.00 0.50
5.00 5.00
5.00 3.00
5.00 3.00
4.20 3.50
5.00 2.00
5.00 4.50
5.00 5.00
1.60 1.00
5.00 5.00
5.00 4.50
5.00 2.50
5.00 2.00
5.00 5.00
5.00 4.00
5.00 5.00
5.00 5.00
5.00 4.50
5.00 4.00
5.00 1.50
5.00 1.50
5.00 5.00
5.00 5.00
5.00 5.00
5.00 3.50
5.00 2.50
5.00 5.00
2.00 1.50
5.00 4.50
5.00 5.00
5.00 3.00
5.00 4.00
5.00 5.00
5.00 5.00
5.00 4.50
0.30 0.00
5.00 5.00
5.00 1.50
5.00 4.00
5.00 5.00
5.00 1.50
5.00 4.50
5.00 4.00
5.00 5.00
5.00 5.00
5.00 4.00
5.00 0.50
5.00 5.00
5.00 5.00
5.00 5.00
5.00 5.00
5.00 4.00
5.00 2.00
5.00 5.00
5.00 3.00
5.00 5.00
5.00 1.00
5.00 4.00
5.00 5.00
5.00 4.00
5.00 4.50
0.50 0.00
5.00 0.00
5.00 2.50
5.00 3.00
5.00 3.50
5.00 2.50
5.00 4.50
0.90 0.50
5.00 5.00
5.00 5.00
5.00 1.00
5.00 5.00
5.00 2.00
5.00 5.00
5.00 5.00
5.00 5.00
5.00 5.00
1.40 0.50
5.00 4.00
5.00 1.50
5.00 3.00
5.00 5.00
5.00 4.00
5.00 3.50
5.00 4.50
5.00 5.00
5.00 1.50
5.00 5.00
5.00 2.50
5.00 2.50
5.00 4.50
5.00 5.00
5.00 2.00
5.00 5.00
2.70 2.00
5.00 5.00
5.00 5.00
5.00 4.00
5.00 1.50
5.00 4.50
5.00 5.00
5.00 5.00
0.20 0.00
5.00 3.50
0.40 0.00
5.00 3.50
5.00 3.50
5.00 2.50
1.70 1.00
5.00 2.00
5.00 3.50
5.00 1.50
5.00 4.00
5.00 4.00
5.00 3.00
5.00 3.00
5.00 2.50
5.00 1.50
5.00 4.00
5.00 0.50
5.00 3.50
5.00 4.50
5.00 4.00
5.00 2.50
5.00 1.00
5.00 3.50
5.00 5.00
0.50 0.00
5.00 3.00
0.70 0.00
5.00 5.00
5.00 5.00
5.00 3.50
5.00 5.00
5.00 5.00
5.00 5.00
5.00 5.00
5.00 0.50
5.00 1.50
5.00 2.00
5.00 5.00
5.00 4.00
5.00 4.50
5.00 2.00
5.00 4.50
5.00 1.50
5.00 4.50
5.00 4.00
5.00 3.00
5.00 5.00
5.00 4.00
5.00 0.00
5.00 5.00
5.00 2.00
5.00 4.00
5.00 5.00
5.00 4.50
5.00 4.00
5.00 2.00
5.00 2.50
5.00 5.00
5.00 5.00
5.00 4.00
5.00 1.00
5.00 5.00
5.00 3.50
5.00 5.00
5.00 4.50
5.00 4.50
5.00 4.00
5.00 5.00
5.00 5.00
5.00 5.00
5.00 4.50
1.80 1.00
5.00 3.00
5.00 1.00
5.00 2.50
5.00 2.00
5.00 2.50
5.00 4.00
5.00 1.00
5.00 5.00
2.50 2.00
5.00 5.00
5.00 3.50
5.00 5.00
5.00 5.00
5.00 2.00
1.20 0.50
5.00 5.00
5.00 5.00
5.00 5.00
5.00 5.00
5.00 5.00
5.00 5.00
0.10 0.00
5.00 5.00
5.00 2.50
5.00 3.00
5.00 5.00
5.00 5.00
5.00 3.50
5.00 3.50
5.00 5.00
5.00 3.50
5.00 5.00
5.00 4.50
5.00 4.50
5.00 5.00
5.00 4.50
5.00 5.00
5.00 3.00
5.00 0.00
5.00 4.50
5.00 0.50
5.00 5.00
5.00 2.00
5.00 2.50
5.00 5.00
5.00 4.00
5.00 5.00
5.00 3.00
5.00 3.50
5.00 5.00
5.00 5.00
5.00 5.00
5.00 4.50
5.00 5.00
0.10 0.00
5.00 3.50
5.00 5.00
5.00 4.50
5.00 5.00
5.00 5.00
5.00 5.00
5.00 3.00
5.00 4.50
5.00 5.00
5.00 1.50
5.00 1.50
5.00 4.00
5.00 5.00
5.00 2.00
5.00 5.00
5.00 5.00
5.00 4.50
5.00 5.00
5.00 4.00
5.00 3.50
5.00 5.00
5.00 4.50
5.00 4.00
5.00 5.00
0.40 0.00
5.00 2.50
5.00 4.50
5.00 5.00
5.00 1.50
5.00 4.50
5.00 5.00
5.00 5.00
5.00 5.00
5.00 5.00
5.00 5.00
5.00 2.00
5.00 4.50
5.00 5.00
5.00 4.00
5.00 4.00
5.00 4.00
1.10 0.50
5.00 2.00
5.00 5.00
5.00 3.50
5.00 1.50
5.00 5.00
5.00 1.00
5.00 5.00
5.00 5.00
5.00 4.50
5.00 3.50
5.00 5.00
5.00 5.00
5.00 5.00
5.00 5.00
5.00 5.00
5.00 4.50
5.00 1.50
5.00 2.50
0.40 0.00
0.20 0.00
5.00 2.50
5.00 5.00
5.00 5.00
5.00 5.00
5.00 5.00
5.00 4.00
5.00 4.00
5.00 4.00
5.00 3.50
5.00 2.50
5.00 2.50
0.80 0.00
2.20 1.00
5.00 4.50
5.00 5.00
5.00 5.00
5.00 3.50
5.00 5.00
5.00 5.00
5.00 5.00
5.00 5.00
5.00 5.00
5.00 3.50
5.00 5.00
5.00 4.00
5.00 3.00
5.00 0.50
5.00 5.00
5.00 3.50
5.00 3.00
5.00 4.50
5.00 5.00
5.00 5.00
5.00 4.00
5.00 4.50
5.00 5.00
5.00 2.50
5.00 5.00
5.00 4.00
5.00 0.50
5.00 4.00
5.00 2.50
5.00 5.00
5.00 2.50
5.00 4.50
5.00 5.00
5.00 4.00
5.00 2.50
5.00 1.50
5.00 5.00
5.00 2.50
5.00 5.00
3.20 2.50
0.70 0.00
5.00 0.50
5.00 3.50
5.00 4.00
5.00 2.00
5.00 4.50
5.00 4.50
5.00 5.00
5.00 0.50
5.00 5.00
5.00 3.00
0.20 0.00
5.00 3.00
5.00 4.50
5.00 0.00
5.00 1.50
5.00 2.00
5.00 5.00
5.00 5.00
5.00 4.00
5.00 5.00
5.00 5.00
5.00 5.00
5.00 5.00
5.00 3.50
5.00 1.50
5.00 4.00
5.00 3.00
5.00 4.50
5.00 4.00
5.00 5.00
5.00 5.00
5.00 5.00
5.00 2.00
5.00 4.00
5.00 3.50
5.00 5.00
5.00 3.50
5.00 5.00
5.00 4.50
5.00 4.50
5.00 5.00
5.00 5.00
5.00 5.00
5.00 5.00
5.00 3.50
5.00 4.50
5.00 4.00
5.00 5.00
0.10 0.00
5.00 2.50
5.00 5.00
5.00 5.00
5.00 5.00
5.00 5.00
5.00 5.00
5.00 4.50
5.00 3.00
5.00 4.50
5.00 1.50
5.00 5.00
5.00 4.00
5.00 5.00
5.00 5.00
5.00 4.50
5.00 2.00
5.00 5.00
5.00 5.00
5.00 3.50
5.00 5.00
5.00 1.50
5.00 5.00
5.00 5.00
5.00 5.00
5.00 5.00
5.00 2.50
5.00 5.00
5.00 5.00
3.00 2.00
5.00 3.00
5.00 5.00
5.00 1.50
5.00 5.00
5.00 1.50
5.00 5.00
5.00 5.00
5.00 5.00
5.00 2.00
5.00 5.00
5.00 4.00
5.00 5.00
5.00 1.50
5.00 2.00
5.00 3.50
5.00 5.00
5.00 5.00
5.00 5.00
5.00 2.50
5.00 1.00
5.00 0.50
5.00 4.50
5.00 4.50
5.00 5.00
5.00 1.00
5.00 4.00
5.00 3.50
5.00 5.00
5.00 5.00
5.00 1.50
5.00 3.00
5.00 3.50
5.00 2.50
5.00 3.50
5.00 2.50
5.00 2.50
5.00 5.00
5.00 3.00
5.00 1.00
5.00 2.50
5.00 3.50
5.00 3.50
5.00 3.00
5.00 5.00
5.00 2.00
5.00 5.00
5.00 5.00
5.00 4.00
