0.0105
0.0055
0.0105
0.011
0.012
0.01
0.012
0.009
0.009
0.0105
0.011
0.0085
0.0125
0.0075
0.008
0.012
0.0115
0.008
0.009
0.011
0.0125
0.014
0.0115
0.007
0.0135
0.011
0.014
0.012
0.013
0.0085
0.011
0.0125
0.012
0.0095
0.0075
0.009
0.0075
0.009
0.009
0.0135
0.0095
0.016
0.0085
0.0105
0.009
0.0095
0.01
0.0085
0.014
0.0145
0.0125
0.009
0.015
0.0075
0.007
0.012
0.012
0.0085
0.0135
0.011
0.0125
0.0095
0.0105
0.007
0.0105
0.009
0.0105
0.009
0.0085
0.0105
0.0125
0.0095
0.008
0.0105
0.0095
0.009
0.0095
0.0135
0.009
0.016
0.0125
0.0105
0.0105
0.0055
0.0075
0.006
0.0125
0.012
0.012
0.012
0.013
0.0105
0.0105
0.0085
0.0095
0.0065
0.012
0.01
0.0095
0.013

