0.4976 0.0870 0.0145 0.0097 0.0145 0.0000 0.0193 0.0435 0.0338 0.0290 0.1014 0.1498
0.1183 0.5089 0.1562 0.0223 0.0112 0.0201 0.0179 0.0179 0.0156 0.0223 0.0893 0.0000
0.0112 0.0931 0.6007 0.1372 0.0218 0.0118 0.0088 0.0183 0.0230 0.0194 0.0548 0.0000
0.0061 0.0064 0.2157 0.5696 0.1022 0.0246 0.0150 0.0085 0.0128 0.0082 0.0310 0.0000
0.0016 0.0019 0.0181 0.2843 0.5199 0.0985 0.0123 0.0136 0.0136 0.0074 0.0288 0.0000
0.0006 0.0030 0.0090 0.0303 0.3089 0.4877 0.0944 0.0225 0.0129 0.0078 0.0228 0.0000
0.0000 0.0008 0.0036 0.0064 0.0311 0.3056 0.5075 0.1003 0.0186 0.0089 0.0172 0.0000
0.0002 0.0005 0.0041 0.0064 0.0057 0.0359 0.2791 0.5444 0.0995 0.0102 0.0141 0.0000
0.0002 0.0015 0.0025 0.0027 0.0062 0.0066 0.0328 0.2716 0.5605 0.0861 0.0293 0.0000
0.0002 0.0007 0.0000 0.0014 0.0007 0.0028 0.0052 0.0255 0.2546 0.5524 0.1564 0.0000
0.0000 0.0000 0.0002 0.0004 0.0005 0.0007 0.0008 0.0022 0.0199 0.0956 0.8798 0.0000
0.0000 0.0000 0.0000 0.0000 0.0000 0.0000 0.0000 0.0000 0.0000 0.0000 0.0000 1.0000
