1.20 0.00
5.00 5.00
5.00 5.00
5.00 4.00
5.00 4.00
5.00 5.00
5.00 5.00
5.00 3.50
5.00 3.00
5.00 5.00
5.00 4.50
5.00 2.50
5.00 5.00
5.00 4.00
5.00 5.00
5.00 5.00
5.00 5.00
5.00 4.00
5.00 3.00
5.00 5.00
1.20 0.50
5.00 2.00
5.00 5.00
5.00 3.00
5.00 5.00
5.00 1.50
5.00 4.00
5.00 5.00
5.00 2.50
5.00 2.00
5.00 0.50
5.00 5.00
5.00 5.00
5.00 5.00
5.00 4.00
5.00 4.50
0.60 0.00
5.00 5.00
0.60 0.00
5.00 4.00
5.00 4.00
5.00 5.00
5.00 5.00
5.00 4.50
5.00 5.00
5.00 5.00
5.00 5.00
5.00 4.50
5.00 5.00
5.00 2.00
5.00 1.00
5.00 5.00
5.00 5.00
5.00 4.50
5.00 2.50
5.00 2.50
5.00 1.50
5.00 4.50
5.00 2.50
5.00 2.00
5.00 4.50
5.00 3.00
5.00 3.50
5.00 1.50
5.00 5.00
5.00 1.50
5.00 5.00
5.00 3.50
5.00 5.00
5.00 4.50
5.00 5.00
2.00 1.50
5.00 4.50
5.00 5.00
5.00 5.00
5.00 4.50
4.50 3.00
5.00 4.00
0.90 0.50
5.00 4.00
5.00 5.00
5.00 5.00
5.00 5.00
1.80 1.00
5.00 5.00
5.00 5.00
5.00 4.00
5.00 5.00
5.00 5.00
5.00 5.00
5.00 2.50
5.00 5.00
5.00 3.00
5.00 2.50
5.00 5.00
5.00 3.50
1.90 1.00
5.00 5.00
5.00 5.00
5.00 4.00
5.00 4.00
5.00 3.50
5.00 4.00
5.00 4.00
5.00 2.50
5.00 5.00
5.00 4.50
5.00 5.00
5.00 5.00
5.00 2.00
5.00 4.00
5.00 5.00
5.00 4.50
5.00 3.00
5.00 5.00
5.00 5.00
5.00 4.00
5.00 5.00
5.00 5.00
5.00 5.00
5.00 5.00
5.00 4.50
1.10 0.50
5.00 2.50
5.00 4.00
5.00 1.50
0.20 0.00
5.00 2.00
5.00 5.00
5.00 1.00
5.00 5.00
5.00 4.00
5.00 5.00
3.40 1.00
5.00 5.00
5.00 2.50
5.00 1.00
5.00 5.00
5.00 4.50
5.00 5.00
5.00 1.50
5.00 5.00
5.00 3.50
5.00 5.00
5.00 0.50
5.00 4.50
5.00 5.00
5.00 5.00
5.00 4.50
5.00 5.00
5.00 2.50
5.00 5.00
5.00 2.50
5.00 4.00
5.00 3.50
5.00 4.00
5.00 5.00
5.00 1.50
5.00 3.00
5.00 1.00
5.00 5.00
5.00 1.00
5.00 4.50
5.00 5.00
5.00 3.00
5.00 5.00
5.00 5.00
5.00 4.50
5.00 1.50
5.00 4.50
5.00 2.00
5.00 5.00
5.00 4.00
5.00 2.50
5.00 3.50
5.00 3.00
5.00 5.00
5.00 2.00
5.00 3.00
5.00 1.00
5.00 4.00
5.00 4.50
5.00 4.00
5.00 3.00
5.00 4.00
5.00 5.00
5.00 4.50
0.80 0.00
5.00 2.00
5.00 4.50
5.00 2.50
5.00 2.00
5.00 5.00
5.00 5.00
5.00 4.00
5.00 4.50
5.00 1.00
5.00 5.00
5.00 5.00
5.00 5.00
5.00 5.00
5.00 4.50
5.00 5.00
5.00 5.00
5.00 5.00
5.00 1.00
5.00 5.00
5.00 4.00
5.00 5.00
5.00 3.00
5.00 1.00
5.00 5.00
5.00 1.00
5.00 5.00
5.00 1.50
5.00 5.00
5.00 5.00
5.00 5.00
5.00 1.50
5.00 4.50
5.00 4.00
5.00 5.00
5.00 2.50
5.00 4.50
5.00 5.00
5.00 5.00
5.00 5.00
5.00 5.00
5.00 3.00
5.00 4.50
5.00 5.00
0.20 0.00
5.00 4.00
5.00 2.00
5.00 5.00
5.00 5.00
5.00 1.00
5.00 5.00
5.00 1.00
5.00 5.00
5.00 4.50
5.00 5.00
5.00 5.00
5.00 5.00
3.90 3.00
5.00 1.50
5.00 5.00
5.00 1.00
5.00 4.50
5.00 4.50
5.00 4.50
5.00 5.00
0.30 0.00
5.00 3.00
5.00 3.00
0.40 0.00
5.00 5.00
5.00 2.00
5.00 4.00
5.00 5.00
5.00 5.00
5.00 5.00
5.00 5.00
5.00 5.00
5.00 2.00
5.00 5.00
2.80 2.00
5.00 4.00
5.00 3.00
5.00 3.50
5.00 5.00
5.00 2.00
5.00 4.00
5.00 2.00
1.00 0.50
5.00 4.50
5.00 5.00
5.00 5.00
5.00 4.00
5.00 3.00
5.00 1.00
5.00 2.50
5.00 1.00
5.00 5.00
5.00 5.00
5.00 0.50
5.00 2.00
5.00 4.50
5.00 4.00
5.00 5.00
0.30 0.00
5.00 5.00
5.00 5.00
0.80 0.50
5.00 3.00
2.50 2.00
5.00 4.00
5.00 5.00
5.00 2.00
0.50 0.00
5.00 5.00
5.00 5.00
5.00 5.00
5.00 5.00
5.00 3.00
5.00 2.00
0.40 0.00
5.00 4.00
5.00 4.00
5.00 3.00
5.00 5.00
5.00 5.00
5.00 1.00
5.00 5.00
5.00 1.50
5.00 1.50
5.00 5.00
5.00 4.50
5.00 4.00
5.00 4.50
5.00 1.50
5.00 4.50
5.00 5.00
5.00 3.50
5.00 2.00
5.00 3.00
5.00 2.50
5.00 5.00
5.00 5.00
5.00 5.00
5.00 5.00
5.00 4.00
5.00 5.00
5.00 3.50
5.00 0.50
5.00 5.00
5.00 3.50
5.00 5.00
5.00 2.50
5.00 3.00
5.00 3.50
5.00 5.00
5.00 4.00
5.00 5.00
5.00 5.00
5.00 5.00
5.00 4.00
5.00 4.50
5.00 5.00
5.00 4.00
0.00 0.00
0.30 0.00
5.00 3.00
5.00 5.00
5.00 0.50
5.00 5.00
5.00 4.50
5.00 5.00
5.00 0.00
5.00 5.00
5.00 4.00
5.00 4.00
5.00 4.50
5.00 5.00
5.00 2.50
5.00 4.50
5.00 4.50
5.00 1.50
1.00 0.50
5.00 2.00
5.00 3.50
5.00 3.50
5.00 5.00
5.00 4.00
5.00 5.00
5.00 3.00
5.00 5.00
5.00 2.00
5.00 5.00
5.00 4.50
5.00 0.00
5.00 5.00
5.00 5.00
5.00 4.00
5.00 5.00
5.00 5.00
5.00 4.00
5.00 5.00
5.00 2.00
5.00 5.00
5.00 5.00
5.00 4.50
5.00 3.00
5.00 5.00
5.00 5.00
5.00 5.00
5.00 3.00
5.00 3.00
5.00 0.50
5.00 5.00
5.00 5.00
5.00 5.00
5.00 4.00
5.00 5.00
5.00 5.00
5.00 5.00
5.00 5.00
1.30 0.50
5.00 5.00
5.00 2.50
5.00 4.00
5.00 5.00
5.00 2.00
5.00 3.50
5.00 5.00
5.00 2.50
5.00 3.50
5.00 5.00
5.00 5.00
5.00 4.00
5.00 4.00
0.50 0.00
5.00 2.50
5.00 3.50
5.00 2.00
5.00 1.50
5.00 2.50
5.00 4.00
5.00 3.00
5.00 4.50
5.00 4.00
5.00 4.50
5.00 5.00
5.00 5.00
5.00 5.00
5.00 4.00
5.00 5.00
5.00 4.50
5.00 5.00
5.00 4.00
5.00 4.00
5.00 4.50
1.90 1.50
5.00 2.00
5.00 1.00
1.90 1.50
5.00 5.00
5.00 5.00
5.00 5.00
5.00 1.50
5.00 2.50
5.00 1.50
5.00 4.00
5.00 4.50
1.20 0.50
5.00 1.50
5.00 5.00
5.00 3.50
5.00 5.00
5.00 4.00
5.00 5.00
5.00 4.50
5.00 2.00
5.00 1.50
5.00 5.00
5.00 1.00
5.00 4.00
5.00 5.00
5.00 5.00
5.00 3.00
5.00 5.00
5.00 5.00
5.00 5.00
5.00 3.50
0.10 0.00
5.00 4.50
5.00 5.00
5.00 5.00
5.00 4.50
5.00 5.00
5.00 3.50
5.00 3.50
1.00 0.50
5.00 4.50
5.00 5.00
5.00 3.00
5.00 2.00
5.00 5.00
5.00 5.00
5.00 2.00
5.00 2.50
5.00 5.00
5.00 4.00
5.00 3.50
5.00 5.00
5.00 5.00
5.00 5.00
5.00 3.50
5.00 4.50
5.00 1.50
5.00 4.50
5.00 2.00
5.00 4.50
5.00 2.50
5.00 4.50
5.00 5.00
5.00 2.00
5.00 5.00
5.00 3.50
5.00 4.00
5.00 1.50
5.00 2.50
5.00 4.50
5.00 3.00
5.00 5.00
5.00 5.00
5.00 5.00
5.00 1.50
5.00 3.00
5.00 5.00
5.00 4.00
5.00 5.00
5.00 2.50
5.00 3.00
5.00 2.50
5.00 4.00
5.00 4.00
5.00 1.00
5.00 5.00
5.00 5.00
5.00 5.00
5.00 1.00
5.00 3.00
5.00 5.00
5.00 1.50
2.30 2.00
5.00 1.00
5.00 5.00
5.00 5.00
5.00 5.00
5.00 1.50
5.00 5.00
5.00 4.50
5.00 5.00
5.00 4.50
5.00 3.50
5.00 0.50
5.00 5.00
5.00 5.00
5.00 3.50
5.00 1.50
5.00 3.00
5.00 3.00
5.00 4.50
5.00 5.00
5.00 1.50
5.00 4.00
5.00 5.00
5.00 3.50
5.00 5.00
5.00 4.00
5.00 4.50
5.00 5.00
5.00 5.00
5.00 3.50
5.00 5.00
5.00 2.00
5.00 3.00
5.00 3.50
5.00 5.00
5.00 2.50
5.00 5.00
5.00 5.00
5.00 5.00
5.00 5.00
5.00 1.00
5.00 2.00
5.00 4.50
5.00 5.00
5.00 3.50
5.00 2.00
1.10 1.00
5.00 4.50
5.00 2.50
5.00 3.50
5.00 5.00
5.00 1.50
5.00 2.00
5.00 5.00
5.00 3.50
5.00 1.00
5.00 4.00
5.00 4.00
5.00 4.50
5.00 4.00
5.00 5.00
5.00 3.00
5.00 5.00
5.00 4.00
0.00 0.00
5.00 0.50
5.00 4.50
5.00 4.50
5.00 4.50
5.00 4.00
5.00 5.00
5.00 5.00
1.00 0.50
5.00 5.00
5.00 0.50
5.00 5.00
5.00 3.50
0.20 0.00
5.00 3.00
5.00 1.50
5.00 5.00
5.00 4.00
5.00 5.00
5.00 5.00
5.00 5.00
5.00 3.50
5.00 5.00
5.00 2.50
5.00 5.00
5.00 5.00
5.00 5.00
5.00 5.00
5.00 5.00
5.00 2.50
5.00 4.50
5.00 5.00
5.00 4.50
5.00 3.00
5.00 5.00
5.00 3.50
5.00 5.00
5.00 3.00
5.00 4.00
5.00 4.00
5.00 4.50
1.20 0.50
5.00 5.00
5.00 5.00
5.00 3.50
5.00 4.00
5.00 5.00
1.20 0.50
5.00 5.00
5.00 5.00
5.00 3.00
5.00 4.00
5.00 5.00
5.00 5.00
5.00 5.00
5.00 2.00
5.00 5.00
5.00 1.00
5.00 4.50
5.00 5.00
5.00 5.00
5.00 1.50
0.10 0.00
5.00 5.00
5.00 4.50
5.00 5.00
5.00 4.50
5.00 1.50
5.00 5.00
5.00 5.00
5.00 5.00
5.00 1.50
5.00 4.00
5.00 5.00
5.00 2.50
5.00 3.50
5.00 1.00
5.00 5.00
5.00 5.00
5.00 3.00
5.00 1.50
5.00 1.50
5.00 5.00
5.00 4.00
5.00 5.00
0.50 0.00
5.00 5.00
5.00 2.50
5.00 5.00
5.00 5.00
5.00 4.00
5.00 1.50
5.00 5.00
5.00 5.00
5.00 5.00
5.00 5.00
5.00 4.50
4.70 4.00
5.00 5.00
5.00 2.00
5.00 2.00
5.00 5.00
5.00 2.50
5.00 2.50
5.00 3.50
5.00 5.00
5.00 3.00
5.00 1.50
5.00 5.00
5.00 1.00
5.00 2.50
5.00 5.00
0.40 0.00
5.00 3.50
5.00 2.00
5.00 4.50
5.00 5.00
5.00 3.00
5.00 4.00
5.00 5.00
5.00 2.50
5.00 4.50
5.00 1.50
0.70 0.50
5.00 5.00
5.00 5.00
5.00 2.00
5.00 5.00
5.00 5.00
5.00 5.00
5.00 2.50
5.00 4.50
5.00 5.00
5.00 1.50
5.00 5.00
5.00 0.00
5.00 2.00
5.00 5.00
5.00 5.00
5.00 5.00
5.00 3.50
5.00 2.00
5.00 4.00
5.00 4.50
1.00 0.50
5.00 5.00
5.00 0.00
5.00 1.00
5.00 5.00
1.20 0.50
5.00 4.00
5.00 5.00
5.00 5.00
5.00 4.50
5.00 3.00
5.00 5.00
5.00 2.50
5.00 2.00
5.00 4.00
5.00 2.00
5.00 3.00
5.00 5.00
5.00 2.00
5.00 2.00
5.00 5.00
5.00 1.00
5.00 4.00
5.00 4.50
5.00 5.00
5.00 4.00
5.00 5.00
5.00 2.00
5.00 1.00
5.00 3.00
5.00 2.50
5.00 5.00
5.00 4.00
5.00 5.00
5.00 4.50
5.00 1.50
5.00 5.00
5.00 3.50
5.00 0.50
5.00 5.00
5.00 5.00
5.00 4.50
5.00 5.00
5.00 3.00
4.60 0.50
5.00 2.50
5.00 5.00
5.00 5.00
5.00 3.00
5.00 3.50
5.00 2.50
5.00 5.00
5.00 5.00
5.00 5.00
5.00 4.50
5.00 5.00
5.00 1.50
5.00 5.00
5.00 5.00
5.00 5.00
5.00 4.00
5.00 5.00
5.00 4.00
5.00 5.00
5.00 4.00
5.00 5.00
5.00 3.00
5.00 1.00
5.00 5.00
0.40 0.00
5.00 5.00
5.00 5.00
5.00 5.00
5.00 5.00
5.00 2.50
5.00 3.00
5.00 1.00
5.00 5.00
5.00 5.00
5.00 4.00
5.00 5.00
1.00 1.00
5.00 4.00
5.00 4.50
5.00 1.50
5.00 5.00
5.00 4.00
5.00 5.00
5.00 4.00
5.00 5.00
5.00 0.50
5.00 5.00
5.00 2.50
5.00 5.00
5.00 1.00
5.00 4.50
5.00 3.00
5.00 1.00
5.00 5.00
5.00 5.00
5.00 5.00
5.00 5.00
5.00 4.00
5.00 5.00
1.10 0.50
5.00 5.00
5.00 5.00
5.00 4.50
5.00 5.00
5.00 5.00
5.00 4.50
5.00 0.00
5.00 3.50
5.00 3.50
5.00 2.00
5.00 4.00
5.00 4.50
5.00 3.50
5.00 4.50
5.00 3.50
5.00 3.50
5.00 5.00
5.00 5.00
5.00 5.00
5.00 5.00
5.00 1.50
5.00 3.50
5.00 4.00
5.00 4.00
5.00 5.00
5.00 5.00
5.00 5.00
5.00 1.00
5.00 3.00
5.00 2.00
0.40 0.00
5.00 2.50
5.00 4.00
5.00 5.00
5.00 1.50
2.70 1.00
5.00 2.50
5.00 4.50
5.00 3.50
5.00 5.00
5.00 1.00
5.00 3.50
5.00 5.00
5.00 3.50
5.00 5.00
5.00 1.00
5.00 3.00
5.00 5.00
5.00 0.50
5.00 5.00
5.00 5.00
5.00 1.50
5.00 2.00
0.30 0.00
5.00 4.50
5.00 5.00
5.00 4.50
5.00 0.50
5.00 2.50
5.00 4.50
5.00 4.00
5.00 2.50
5.00 5.00
5.00 5.00
5.00 4.50
0.90 3.00
5.00 5.00
5.00 5.00
5.00 2.50
5.00 3.50
5.00 5.00
5.00 5.00
5.00 4.50
5.00 5.00
5.00 5.00
5.00 3.50
5.00 3.00
5.00 5.00
5.00 2.00
5.00 2.00
5.00 0.00
5.00 5.00
5.00 1.50
5.00 3.00
5.00 3.00
5.00 1.50
5.00 3.50
5.00 5.00
5.00 2.50
5.00 5.00
5.00 3.50
5.00 2.50
5.00 5.00
5.00 4.00
5.00 4.00
5.00 5.00
5.00 2.00
5.00 4.00
5.00 1.00
5.00 5.00
5.00 3.50
5.00 4.50
5.00 5.00
5.00 0.50
1.70 1.00
5.00 5.00
5.00 5.00
5.00 3.50
0.20 0.00
5.00 0.00
5.00 4.50
5.00 4.00
5.00 5.00
5.00 5.00
5.00 4.00
5.00 3.50
5.00 4.50
5.00 4.50
5.00 4.00
5.00 4.00
5.00 4.50
5.00 2.50
5.00 2.50
5.00 5.00
5.00 2.50
5.00 3.00
5.00 3.50
5.00 5.00
5.00 2.50
5.00 5.00
5.00 4.00
5.00 5.00
5.00 5.00
5.00 1.00
5.00 3.50
5.00 3.00
5.00 5.00
5.00 3.50
5.00 4.00
5.00 5.00
5.00 4.50
5.00 4.50
5.00 5.00
5.00 3.50
5.00 3.00
5.00 4.00
5.00 3.00
5.00 3.50
5.00 1.50
5.00 4.00
5.00 5.00
5.00 5.00
5.00 4.00
5.00 4.50
5.00 2.00
5.00 1.50
5.00 5.00
5.00 2.50
5.00 2.00
5.00 5.00
5.00 2.50
5.00 5.00
5.00 4.50
5.00 5.00
3.10 4.00
5.00 5.00
5.00 3.00
5.00 2.50
4.00 4.00
5.00 4.00
4.80 3.50
5.00 5.00
5.00 3.00
5.00 5.00
5.00 5.00
5.00 5.00
5.00 5.00
5.00 4.00
5.00 5.00
5.00 5.00
5.00 3.50
5.00 5.00
5.00 4.00
5.00 2.50
5.00 1.50
5.00 4.00
5.00 3.50
5.00 5.00
5.00 5.00
5.00 2.00
5.00 3.50
5.00 0.00
5.00 5.00
5.00 4.00
5.00 3.00
5.00 2.50
5.00 1.00
5.00 4.00
5.00 4.50
5.00 3.50
4.70 1.50
5.00 4.00
1.90 0.50
1.00 0.50
5.00 5.00
5.00 4.50
5.00 2.00
5.00 5.00
5.00 4.50
5.00 3.50
5.00 5.00
5.00 4.50
5.00 5.00
5.00 5.00
5.00 3.00
5.00 2.50
5.00 5.00
5.00 5.00
5.00 1.50
5.00 3.00
5.00 5.00
5.00 5.00
5.00 3.00
5.00 2.50
5.00 4.00
5.00 3.00
5.00 5.00
5.00 2.00
5.00 1.00
0.40 0.00
5.00 5.00
5.00 4.50
5.00 5.00
5.00 5.00
5.00 5.00
5.00 3.00
5.00 4.50
5.00 3.00
5.00 4.00
5.00 5.00
5.00 4.50
5.00 5.00
5.00 5.00
5.00 5.00
5.00 1.50
5.00 4.00
5.00 5.00
5.00 3.00
5.00 5.00
5.00 4.50
5.00 4.50
5.00 4.00
5.00 5.00
5.00 4.50
5.00 4.00
5.00 4.50
5.00 3.50
5.00 2.50
5.00 5.00
5.00 5.00
5.00 4.00
5.00 2.00
5.00 4.00
5.00 2.00
5.00 3.00
5.00 4.00
5.00 5.00
5.00 2.00
5.00 4.50
0.40 0.00
5.00 3.50
5.00 5.00
5.00 4.00
5.00 1.00
5.00 5.00
5.00 0.50
5.00 1.00
5.00 5.00
5.00 4.00
5.00 0.00
5.00 2.00
5.00 2.00
5.00 5.00
5.00 2.00
5.00 1.50
5.00 4.00
5.00 5.00
5.00 5.00
5.00 1.50
5.00 2.00
1.10 0.50
5.00 5.00
5.00 5.00
5.00 1.00
5.00 4.00
5.00 4.00
5.00 2.00
5.00 5.00
4.60 5.00
5.00 2.50
5.00 5.00
5.00 3.00
5.00 2.50
5.00 4.50
5.00 3.50
5.00 5.00
5.00 1.50
5.00 3.50
5.00 4.50
5.00 4.00
5.00 4.00
0.50 0.00
5.00 5.00
3.00 2.50
5.00 3.50
5.00 4.50
5.00 5.00
5.00 5.00
5.00 1.50
5.00 4.50
5.00 3.00
5.00 1.00
5.00 1.50
5.00 5.00
5.00 5.00
5.00 2.50
5.00 3.50
5.00 4.50
5.00 5.00
5.00 5.00
5.00 5.00
5.00 4.50
5.00 4.00
5.00 0.50
5.00 5.00
5.00 5.00
5.00 4.50
5.00 5.00
5.00 3.50
5.00 4.00
5.00 2.00
5.00 3.00
5.00 5.00
5.00 5.00
5.00 5.00
5.00 3.00
5.00 4.50
5.00 4.50
5.00 1.00
5.00 5.00
5.00 4.00
5.00 5.00
0.90 0.50
5.00 0.50
5.00 1.00
5.00 5.00
5.00 3.00
5.00 3.00
5.00 5.00
5.00 4.50
5.00 1.00
5.00 5.00
5.00 5.00
5.00 5.00
5.00 5.00
5.00 4.50
5.00 5.00
5.00 5.00
5.00 4.00
5.00 5.00
5.00 5.00
5.00 5.00
5.00 4.00
5.00 3.00
5.00 5.00
5.00 4.50
5.00 3.00
5.00 2.50
5.00 5.00
5.00 5.00
5.00 4.50
5.00 5.00
5.00 1.00
5.00 4.50
5.00 2.00
5.00 5.00
5.00 5.00
1.10 3.00
5.00 5.00
5.00 5.00
5.00 3.00
5.00 1.50
5.00 4.00
5.00 5.00
5.00 3.50
5.00 4.00
2.50 1.50
5.00 3.50
5.00 4.50
5.00 4.50
5.00 1.00
5.00 5.00
5.00 4.50
5.00 4.00
5.00 3.00
5.00 2.00
5.00 5.00
5.00 2.00
5.00 5.00
5.00 1.50
5.00 0.00
5.00 4.50
5.00 5.00
5.00 4.50
5.00 3.50
5.00 4.50
5.00 5.00
5.00 3.00
5.00 4.00
5.00 2.00
5.00 5.00
5.00 3.50
5.00 4.50
5.00 5.00
5.00 5.00
5.00 4.00
5.00 0.50
5.00 5.00
5.00 2.50
5.00 5.00
1.80 1.50
5.00 4.00
5.00 3.50
5.00 5.00
5.00 5.00
3.90 2.00
5.00 5.00
5.00 4.00
5.00 4.00
5.00 1.00
5.00 2.50
5.00 5.00
5.00 1.50
5.00 2.50
5.00 5.00
5.00 3.00
5.00 4.50
5.00 5.00
5.00 2.00
5.00 2.50
5.00 5.00
5.00 2.00
5.00 0.50
5.00 5.00
5.00 2.00
5.00 2.50
5.00 4.50
5.00 5.00
5.00 2.50
5.00 1.50
5.00 5.00
5.00 4.00
5.00 5.00
2.50 1.50
5.00 4.50
5.00 4.00
5.00 4.00
5.00 5.00
5.00 1.50
5.00 4.00
5.00 4.50
5.00 1.50
5.00 4.00
0.50 0.00
5.00 5.00
5.00 3.00
5.00 4.00
5.00 1.00
5.00 5.00
5.00 4.00
5.00 5.00
5.00 5.00
5.00 5.00
5.00 4.00
5.00 4.00
5.00 2.00
5.00 4.50
5.00 3.50
5.00 2.00
5.00 5.00
5.00 2.50
5.00 5.00
5.00 0.00
5.00 5.00
5.00 1.00
5.00 5.00
0.40 0.00
5.00 5.00
5.00 3.00
5.00 3.00
5.00 0.50
5.00 5.00
5.00 2.50
0.90 0.50
5.00 4.50
5.00 5.00
5.00 1.50
5.00 5.00
5.00 3.50
5.00 3.00
5.00 4.50
5.00 3.50
5.00 3.50
5.00 3.50
5.00 1.50
5.00 4.50
5.00 5.00
5.00 1.00
5.00 4.00
5.00 4.50
5.00 5.00
5.00 2.00
5.00 4.00
5.00 1.00
5.00 4.00
5.00 0.50
5.00 5.00
5.00 3.50
5.00 3.50
5.00 5.00
5.00 5.00
5.00 5.00
5.00 3.00
5.00 4.00
5.00 3.00
5.00 3.00
5.00 1.50
5.00 5.00
5.00 5.00
5.00 3.00
5.00 1.50
5.00 5.00
5.00 4.50
5.00 3.00
5.00 3.50
5.00 4.00
5.00 2.00
5.00 5.00
5.00 5.00
5.00 3.50
5.00 5.00
5.00 3.00
5.00 3.00
5.00 4.50
5.00 3.00
5.00 3.50
5.00 4.50
5.00 5.00
5.00 1.00
0.60 0.00
5.00 4.50
5.00 3.50
5.00 5.00
3.40 0.00
5.00 2.00
5.00 1.00
5.00 1.00
5.00 4.50
5.00 2.50
5.00 3.00
5.00 2.50
5.00 2.50
5.00 5.00
5.00 2.50
5.00 4.00
5.00 1.00
5.00 5.00
1.00 0.00
5.00 4.50
5.00 3.50
5.00 5.00
5.00 4.00
5.00 1.50
5.00 4.00
5.00 3.50
5.00 3.50
5.00 4.00
5.00 5.00
5.00 2.00
5.00 5.00
5.00 2.00
5.00 5.00
5.00 5.00
5.00 5.00
5.00 3.00
5.00 5.00
5.00 5.00
5.00 0.50
5.00 4.00
5.00 5.00
5.00 4.00
5.00 1.50
5.00 1.50
1.40 1.00
5.00 5.00
5.00 3.00
5.00 1.00
5.00 1.50
5.00 5.00
5.00 0.50
5.00 5.00
5.00 5.00
5.00 1.50
5.00 5.00
5.00 3.50
5.00 3.00
5.00 3.00
5.00 5.00
5.00 2.50
5.00 5.00
5.00 5.00
5.00 5.00
5.00 4.50
5.00 5.00
5.00 5.00
5.00 3.50
5.00 5.00
5.00 5.00
5.00 1.50
5.00 4.50
5.00 4.00
5.00 2.50
5.00 3.00
5.00 4.00
5.00 5.00
5.00 5.00
5.00 4.00
5.00 2.00
5.00 5.00
0.10 0.00
5.00 4.50
5.00 5.00
5.00 3.50
5.00 1.50
5.00 2.50
5.00 4.50
5.00 5.00
5.00 4.00
0.30 0.00
5.00 5.00
5.00 3.50
5.00 1.50
5.00 3.00
5.00 5.00
5.00 4.50
5.00 5.00
5.00 5.00
5.00 4.50
5.00 2.00
5.00 1.50
5.00 5.00
5.00 2.00
1.60 1.00
5.00 5.00
5.00 4.00
5.00 3.00
5.00 5.00
5.00 5.00
5.00 5.00
5.00 5.00
5.00 2.50
5.00 4.50
5.00 4.00
5.00 5.00
5.00 5.00
5.00 3.50
5.00 2.50
5.00 4.00
5.00 5.00
5.00 2.00
5.00 5.00
5.00 4.00
5.00 4.50
5.00 4.00
5.00 4.50
5.00 3.00
5.00 5.00
5.00 2.00
5.00 1.00
5.00 3.50
5.00 4.00
5.00 2.50
5.00 4.00
5.00 5.00
5.00 5.00
5.00 4.00
5.00 2.00
5.00 2.00
5.00 3.50
0.50 0.00
5.00 4.00
5.00 4.00
5.00 4.00
5.00 4.50
5.00 5.00
5.00 1.50
0.40 0.00
5.00 4.00
5.00 4.50
5.00 3.00
5.00 5.00
5.00 3.00
5.00 3.00
5.00 1.00
5.00 5.00
5.00 3.00
5.00 4.00
5.00 5.00
0.10 0.00
5.00 5.00
5.00 4.50
5.00 4.50
5.00 4.50
5.00 5.00
5.00 2.50
5.00 5.00
1.10 0.50
5.00 4.50
5.00 4.50
5.00 5.00
5.00 4.50
5.00 4.50
5.00 5.00
5.00 4.50
5.00 3.50
5.00 4.00
5.00 4.50
5.00 4.00
5.00 1.00
5.00 2.50
5.00 5.00
5.00 3.50
5.00 4.50
5.00 5.00
5.00 5.00
5.00 5.00
5.00 2.00
5.00 5.00
5.00 4.00
5.00 5.00
5.00 3.00
5.00 5.00
5.00 5.00
5.00 0.00
0.70 0.50
5.00 0.50
5.00 5.00
5.00 1.00
5.00 5.00
0.60 0.00
5.00 1.00
5.00 2.50
5.00 5.00
5.00 4.50
5.00 5.00
5.00 5.00
5.00 2.00
1.00 0.50
5.00 5.00
5.00 5.00
5.00 5.00
5.00 4.50
5.00 4.00
5.00 5.00
5.00 0.00
5.00 3.50
5.00 3.00
5.00 5.00
5.00 3.50
5.00 4.00
5.00 1.50
5.00 4.50
5.00 1.50
5.00 5.00
0.80 0.00
5.00 3.00
5.00 5.00
5.00 5.00
5.00 4.50
5.00 5.00
5.00 5.00
5.00 5.00
5.00 5.00
5.00 4.50
5.00 4.00
5.00 5.00
5.00 0.50
5.00 5.00
5.00 4.00
5.00 5.00
5.00 5.00
5.00 3.00
5.00 5.00
5.00 5.00
5.00 4.50
5.00 5.00
5.00 5.00
5.00 5.00
3.20 2.50
5.00 1.50
5.00 0.50
5.00 4.50
5.00 1.50
5.00 4.00
5.00 5.00
5.00 3.50
5.00 1.00
5.00 5.00
5.00 5.00
2.50 2.00
5.00 5.00
5.00 4.50
5.00 1.50
5.00 5.00
5.00 4.50
5.00 5.00
5.00 2.50
5.00 2.50
5.00 5.00
5.00 4.50
5.00 5.00
5.00 3.50
5.00 4.00
5.00 5.00
5.00 3.00
5.00 1.00
5.00 5.00
5.00 5.00
5.00 5.00
5.00 5.00
5.00 5.00
5.00 2.50
5.00 5.00
5.00 5.00
1.30 0.50
5.00 4.50
5.00 5.00
5.00 5.00
5.00 1.00
0.50 0.00
5.00 5.00
5.00 5.00
5.00 0.00
5.00 5.00
5.00 5.00
5.00 5.00
5.00 4.50
5.00 3.50
5.00 4.50
5.00 5.00
5.00 2.00
5.00 2.00
5.00 1.00
5.00 4.00
5.00 5.00
5.00 4.50
5.00 2.50
5.00 2.00
5.00 4.50
5.00 5.00
5.00 5.00
5.00 5.00
5.00 4.50
5.00 5.00
5.00 3.50
5.00 4.50
5.00 3.50
5.00 1.50
5.00 5.00
5.00 4.50
5.00 4.50
5.00 5.00
5.00 5.00
5.00 5.00
5.00 4.00
2.20 1.50
5.00 4.50
5.00 5.00
5.00 5.00
5.00 5.00
5.00 4.00
5.00 5.00
5.00 2.50
5.00 3.00
5.00 4.50
5.00 1.00
5.00 3.00
5.00 5.00
0.60 0.00
5.00 5.00
5.00 5.00
5.00 4.00
5.00 3.00
5.00 5.00
5.00 4.00
5.00 5.00
5.00 2.50
5.00 4.00
5.00 4.50
0.20 0.00
5.00 4.50
5.00 4.50
5.00 3.50
5.00 3.00
5.00 5.00
5.00 5.00
5.00 4.50
5.00 4.50
5.00 4.50
5.00 5.00
5.00 3.50
5.00 3.50
